53	1378
1	2	-1.00
1	3	-1.00
1	4	-1.00
1	5	-1.00
1	6	-1.00
1	7	1.00
1	8	-1.00
1	9	1.00
1	10	1.00
1	11	1.00
1	12	1.00
1	13	1.00
1	14	-1.00
1	15	1.00
1	16	-1.00
1	17	-1.00
1	18	-1.00
1	19	1.00
1	20	-1.00
1	21	1.00
1	22	1.00
1	23	1.00
1	24	1.00
1	25	1.00
1	26	-1.00
1	27	-1.00
1	28	1.00
1	29	1.00
1	30	-1.00
1	31	-1.00
1	32	-1.00
1	33	-1.00
1	34	-1.00
1	35	1.00
1	36	1.00
1	37	-1.00
1	38	1.00
1	39	-1.00
1	40	-1.00
1	41	1.00
1	42	1.00
1	43	-1.00
1	44	1.00
1	45	1.00
1	46	-1.00
1	47	-1.00
1	48	-1.00
1	49	1.00
1	50	1.00
1	51	-1.00
1	52	1.00
1	53	-1.00
2	3	-1.00
2	4	-1.00
2	5	1.00
2	6	-1.00
2	7	1.00
2	8	1.00
2	9	1.00
2	10	-1.00
2	11	1.00
2	12	-1.00
2	13	1.00
2	14	1.00
2	15	1.00
2	16	1.00
2	17	1.00
2	18	1.00
2	19	-1.00
2	20	-1.00
2	21	-1.00
2	22	-1.00
2	23	1.00
2	24	1.00
2	25	1.00
2	26	-1.00
2	27	1.00
2	28	-1.00
2	29	-1.00
2	30	1.00
2	31	1.00
2	32	-1.00
2	33	-1.00
2	34	1.00
2	35	-1.00
2	36	-1.00
2	37	1.00
2	38	-1.00
2	39	1.00
2	40	-1.00
2	41	1.00
2	42	1.00
2	43	-1.00
2	44	1.00
2	45	1.00
2	46	-1.00
2	47	1.00
2	48	1.00
2	49	-1.00
2	50	1.00
2	51	-1.00
2	52	1.00
2	53	1.00
3	4	1.00
3	5	-1.00
3	6	1.00
3	7	1.00
3	8	1.00
3	9	-1.00
3	10	-1.00
3	11	-1.00
3	12	-1.00
3	13	1.00
3	14	1.00
3	15	1.00
3	16	-1.00
3	17	-1.00
3	18	1.00
3	19	1.00
3	20	-1.00
3	21	1.00
3	22	-1.00
3	23	1.00
3	24	-1.00
3	25	-1.00
3	26	1.00
3	27	-1.00
3	28	1.00
3	29	-1.00
3	30	1.00
3	31	1.00
3	32	-1.00
3	33	-1.00
3	34	1.00
3	35	-1.00
3	36	-1.00
3	37	1.00
3	38	-1.00
3	39	-1.00
3	40	1.00
3	41	1.00
3	42	-1.00
3	43	-1.00
3	44	-1.00
3	45	-1.00
3	46	-1.00
3	47	1.00
3	48	-1.00
3	49	-1.00
3	50	-1.00
3	51	-1.00
3	52	-1.00
3	53	1.00
4	5	-1.00
4	6	-1.00
4	7	1.00
4	8	-1.00
4	9	-1.00
4	10	1.00
4	11	-1.00
4	12	1.00
4	13	-1.00
4	14	-1.00
4	15	-1.00
4	16	1.00
4	17	-1.00
4	18	1.00
4	19	1.00
4	20	1.00
4	21	-1.00
4	22	1.00
4	23	1.00
4	24	-1.00
4	25	-1.00
4	26	1.00
4	27	-1.00
4	28	-1.00
4	29	1.00
4	30	-1.00
4	31	1.00
4	32	1.00
4	33	-1.00
4	34	-1.00
4	35	1.00
4	36	-1.00
4	37	-1.00
4	38	1.00
4	39	1.00
4	40	-1.00
4	41	-1.00
4	42	1.00
4	43	-1.00
4	44	-1.00
4	45	-1.00
4	46	1.00
4	47	-1.00
4	48	-1.00
4	49	1.00
4	50	-1.00
4	51	-1.00
4	52	-1.00
4	53	1.00
5	6	1.00
5	7	1.00
5	8	-1.00
5	9	1.00
5	10	1.00
5	11	1.00
5	12	1.00
5	13	-1.00
5	14	-1.00
5	15	-1.00
5	16	-1.00
5	17	-1.00
5	18	-1.00
5	19	1.00
5	20	-1.00
5	21	-1.00
5	22	-1.00
5	23	-1.00
5	24	-1.00
5	25	-1.00
5	26	-1.00
5	27	-1.00
5	28	-1.00
5	29	-1.00
5	30	1.00
5	31	1.00
5	32	-1.00
5	33	1.00
5	34	1.00
5	35	1.00
5	36	1.00
5	37	1.00
5	38	1.00
5	39	-1.00
5	40	-1.00
5	41	1.00
5	42	1.00
5	43	-1.00
5	44	1.00
5	45	-1.00
5	46	-1.00
5	47	-1.00
5	48	-1.00
5	49	1.00
5	50	-1.00
5	51	-1.00
5	52	1.00
5	53	1.00
6	7	-1.00
6	8	1.00
6	9	1.00
6	10	-1.00
6	11	1.00
6	12	-1.00
6	13	-1.00
6	14	-1.00
6	15	1.00
6	16	1.00
6	17	-1.00
6	18	-1.00
6	19	-1.00
6	20	-1.00
6	21	-1.00
6	22	-1.00
6	23	-1.00
6	24	-1.00
6	25	1.00
6	26	1.00
6	27	-1.00
6	28	-1.00
6	29	1.00
6	30	1.00
6	31	1.00
6	32	-1.00
6	33	-1.00
6	34	-1.00
6	35	1.00
6	36	-1.00
6	37	-1.00
6	38	-1.00
6	39	-1.00
6	40	-1.00
6	41	-1.00
6	42	1.00
6	43	1.00
6	44	1.00
6	45	1.00
6	46	-1.00
6	47	-1.00
6	48	-1.00
6	49	1.00
6	50	1.00
6	51	-1.00
6	52	-1.00
6	53	1.00
7	8	-1.00
7	9	1.00
7	10	1.00
7	11	1.00
7	12	-1.00
7	13	1.00
7	14	1.00
7	15	1.00
7	16	-1.00
7	17	1.00
7	18	1.00
7	19	-1.00
7	20	-1.00
7	21	1.00
7	22	1.00
7	23	-1.00
7	24	1.00
7	25	-1.00
7	26	1.00
7	27	-1.00
7	28	1.00
7	29	-1.00
7	30	-1.00
7	31	1.00
7	32	1.00
7	33	1.00
7	34	1.00
7	35	1.00
7	36	1.00
7	37	-1.00
7	38	1.00
7	39	1.00
7	40	1.00
7	41	-1.00
7	42	-1.00
7	43	-1.00
7	44	-1.00
7	45	-1.00
7	46	1.00
7	47	1.00
7	48	1.00
7	49	1.00
7	50	-1.00
7	51	-1.00
7	52	-1.00
7	53	-1.00
8	9	1.00
8	10	1.00
8	11	-1.00
8	12	-1.00
8	13	-1.00
8	14	-1.00
8	15	-1.00
8	16	1.00
8	17	-1.00
8	18	-1.00
8	19	-1.00
8	20	1.00
8	21	1.00
8	22	-1.00
8	23	1.00
8	24	-1.00
8	25	-1.00
8	26	-1.00
8	27	1.00
8	28	-1.00
8	29	-1.00
8	30	1.00
8	31	1.00
8	32	-1.00
8	33	1.00
8	34	-1.00
8	35	1.00
8	36	-1.00
8	37	1.00
8	38	-1.00
8	39	1.00
8	40	-1.00
8	41	-1.00
8	42	1.00
8	43	-1.00
8	44	-1.00
8	45	1.00
8	46	-1.00
8	47	-1.00
8	48	1.00
8	49	1.00
8	50	-1.00
8	51	1.00
8	52	1.00
8	53	-1.00
9	10	-1.00
9	11	-1.00
9	12	1.00
9	13	1.00
9	14	1.00
9	15	1.00
9	16	-1.00
9	17	-1.00
9	18	1.00
9	19	1.00
9	20	1.00
9	21	-1.00
9	22	1.00
9	23	-1.00
9	24	1.00
9	25	-1.00
9	26	1.00
9	27	1.00
9	28	1.00
9	29	1.00
9	30	-1.00
9	31	1.00
9	32	1.00
9	33	1.00
9	34	1.00
9	35	1.00
9	36	1.00
9	37	-1.00
9	38	-1.00
9	39	1.00
9	40	-1.00
9	41	-1.00
9	42	1.00
9	43	1.00
9	44	1.00
9	45	-1.00
9	46	1.00
9	47	-1.00
9	48	-1.00
9	49	-1.00
9	50	1.00
9	51	1.00
9	52	1.00
9	53	-1.00
10	11	-1.00
10	12	-1.00
10	13	1.00
10	14	1.00
10	15	-1.00
10	16	1.00
10	17	-1.00
10	18	-1.00
10	19	1.00
10	20	-1.00
10	21	-1.00
10	22	1.00
10	23	1.00
10	24	1.00
10	25	1.00
10	26	-1.00
10	27	1.00
10	28	-1.00
10	29	-1.00
10	30	1.00
10	31	1.00
10	32	1.00
10	33	1.00
10	34	1.00
10	35	-1.00
10	36	-1.00
10	37	1.00
10	38	-1.00
10	39	1.00
10	40	1.00
10	41	-1.00
10	42	-1.00
10	43	-1.00
10	44	-1.00
10	45	1.00
10	46	-1.00
10	47	-1.00
10	48	1.00
10	49	-1.00
10	50	-1.00
10	51	-1.00
10	52	1.00
10	53	1.00
11	12	-1.00
11	13	-1.00
11	14	-1.00
11	15	1.00
11	16	-1.00
11	17	1.00
11	18	-1.00
11	19	-1.00
11	20	-1.00
11	21	-1.00
11	22	-1.00
11	23	-1.00
11	24	1.00
11	25	-1.00
11	26	1.00
11	27	1.00
11	28	1.00
11	29	1.00
11	30	-1.00
11	31	-1.00
11	32	-1.00
11	33	1.00
11	34	1.00
11	35	1.00
11	36	-1.00
11	37	1.00
11	38	-1.00
11	39	-1.00
11	40	1.00
11	41	-1.00
11	42	1.00
11	43	-1.00
11	44	-1.00
11	45	1.00
11	46	1.00
11	47	-1.00
11	48	-1.00
11	49	-1.00
11	50	1.00
11	51	-1.00
11	52	-1.00
11	53	-1.00
12	13	1.00
12	14	-1.00
12	15	1.00
12	16	-1.00
12	17	1.00
12	18	-1.00
12	19	1.00
12	20	1.00
12	21	-1.00
12	22	-1.00
12	23	1.00
12	24	1.00
12	25	1.00
12	26	1.00
12	27	-1.00
12	28	1.00
12	29	-1.00
12	30	1.00
12	31	1.00
12	32	1.00
12	33	-1.00
12	34	1.00
12	35	1.00
12	36	1.00
12	37	1.00
12	38	-1.00
12	39	-1.00
12	40	1.00
12	41	1.00
12	42	-1.00
12	43	1.00
12	44	1.00
12	45	1.00
12	46	1.00
12	47	-1.00
12	48	1.00
12	49	1.00
12	50	-1.00
12	51	1.00
12	52	-1.00
12	53	-1.00
13	14	1.00
13	15	-1.00
13	16	1.00
13	17	-1.00
13	18	1.00
13	19	1.00
13	20	-1.00
13	21	1.00
13	22	-1.00
13	23	1.00
13	24	-1.00
13	25	-1.00
13	26	-1.00
13	27	-1.00
13	28	1.00
13	29	1.00
13	30	-1.00
13	31	1.00
13	32	-1.00
13	33	-1.00
13	34	-1.00
13	35	-1.00
13	36	-1.00
13	37	-1.00
13	38	1.00
13	39	-1.00
13	40	1.00
13	41	-1.00
13	42	1.00
13	43	1.00
13	44	-1.00
13	45	-1.00
13	46	-1.00
13	47	-1.00
13	48	-1.00
13	49	-1.00
13	50	-1.00
13	51	-1.00
13	52	1.00
13	53	-1.00
14	15	1.00
14	16	1.00
14	17	-1.00
14	18	1.00
14	19	-1.00
14	20	1.00
14	21	-1.00
14	22	-1.00
14	23	1.00
14	24	-1.00
14	25	1.00
14	26	1.00
14	27	1.00
14	28	1.00
14	29	-1.00
14	30	1.00
14	31	1.00
14	32	1.00
14	33	1.00
14	34	-1.00
14	35	-1.00
14	36	1.00
14	37	1.00
14	38	-1.00
14	39	1.00
14	40	1.00
14	41	1.00
14	42	-1.00
14	43	-1.00
14	44	1.00
14	45	-1.00
14	46	-1.00
14	47	1.00
14	48	-1.00
14	49	1.00
14	50	-1.00
14	51	-1.00
14	52	1.00
14	53	1.00
15	16	-1.00
15	17	-1.00
15	18	1.00
15	19	-1.00
15	20	-1.00
15	21	-1.00
15	22	1.00
15	23	1.00
15	24	-1.00
15	25	-1.00
15	26	1.00
15	27	1.00
15	28	1.00
15	29	-1.00
15	30	1.00
15	31	1.00
15	32	1.00
15	33	-1.00
15	34	1.00
15	35	-1.00
15	36	1.00
15	37	-1.00
15	38	1.00
15	39	1.00
15	40	-1.00
15	41	-1.00
15	42	1.00
15	43	-1.00
15	44	-1.00
15	45	1.00
15	46	1.00
15	47	-1.00
15	48	1.00
15	49	1.00
15	50	-1.00
15	51	1.00
15	52	1.00
15	53	-1.00
16	17	1.00
16	18	1.00
16	19	-1.00
16	20	1.00
16	21	1.00
16	22	1.00
16	23	-1.00
16	24	1.00
16	25	-1.00
16	26	-1.00
16	27	1.00
16	28	-1.00
16	29	-1.00
16	30	-1.00
16	31	1.00
16	32	1.00
16	33	-1.00
16	34	-1.00
16	35	1.00
16	36	-1.00
16	37	-1.00
16	38	1.00
16	39	-1.00
16	40	1.00
16	41	1.00
16	42	1.00
16	43	-1.00
16	44	-1.00
16	45	-1.00
16	46	1.00
16	47	-1.00
16	48	-1.00
16	49	1.00
16	50	-1.00
16	51	-1.00
16	52	1.00
16	53	-1.00
17	18	-1.00
17	19	-1.00
17	20	-1.00
17	21	1.00
17	22	1.00
17	23	1.00
17	24	1.00
17	25	-1.00
17	26	-1.00
17	27	1.00
17	28	-1.00
17	29	1.00
17	30	-1.00
17	31	-1.00
17	32	-1.00
17	33	-1.00
17	34	1.00
17	35	1.00
17	36	-1.00
17	37	-1.00
17	38	1.00
17	39	1.00
17	40	1.00
17	41	-1.00
17	42	1.00
17	43	1.00
17	44	1.00
17	45	1.00
17	46	1.00
17	47	1.00
17	48	1.00
17	49	1.00
17	50	-1.00
17	51	1.00
17	52	1.00
17	53	1.00
18	19	-1.00
18	20	1.00
18	21	1.00
18	22	1.00
18	23	1.00
18	24	-1.00
18	25	1.00
18	26	-1.00
18	27	1.00
18	28	-1.00
18	29	1.00
18	30	-1.00
18	31	-1.00
18	32	1.00
18	33	1.00
18	34	1.00
18	35	-1.00
18	36	-1.00
18	37	-1.00
18	38	-1.00
18	39	1.00
18	40	-1.00
18	41	1.00
18	42	1.00
18	43	1.00
18	44	1.00
18	45	-1.00
18	46	1.00
18	47	-1.00
18	48	1.00
18	49	1.00
18	50	-1.00
18	51	-1.00
18	52	-1.00
18	53	1.00
19	20	-1.00
19	21	-1.00
19	22	-1.00
19	23	-1.00
19	24	1.00
19	25	-1.00
19	26	-1.00
19	27	-1.00
19	28	1.00
19	29	-1.00
19	30	1.00
19	31	1.00
19	32	-1.00
19	33	1.00
19	34	1.00
19	35	-1.00
19	36	1.00
19	37	-1.00
19	38	-1.00
19	39	1.00
19	40	1.00
19	41	-1.00
19	42	1.00
19	43	-1.00
19	44	1.00
19	45	1.00
19	46	1.00
19	47	1.00
19	48	-1.00
19	49	1.00
19	50	1.00
19	51	1.00
19	52	-1.00
19	53	-1.00
20	21	1.00
20	22	1.00
20	23	-1.00
20	24	-1.00
20	25	-1.00
20	26	-1.00
20	27	-1.00
20	28	-1.00
20	29	1.00
20	30	-1.00
20	31	1.00
20	32	-1.00
20	33	-1.00
20	34	-1.00
20	35	-1.00
20	36	1.00
20	37	-1.00
20	38	1.00
20	39	1.00
20	40	-1.00
20	41	-1.00
20	42	1.00
20	43	-1.00
20	44	1.00
20	45	1.00
20	46	1.00
20	47	-1.00
20	48	1.00
20	49	-1.00
20	50	1.00
20	51	1.00
20	52	1.00
20	53	1.00
21	22	1.00
21	23	1.00
21	24	-1.00
21	25	1.00
21	26	-1.00
21	27	1.00
21	28	1.00
21	29	1.00
21	30	-1.00
21	31	1.00
21	32	-1.00
21	33	-1.00
21	34	1.00
21	35	1.00
21	36	-1.00
21	37	-1.00
21	38	-1.00
21	39	1.00
21	40	1.00
21	41	1.00
21	42	-1.00
21	43	-1.00
21	44	1.00
21	45	-1.00
21	46	-1.00
21	47	1.00
21	48	-1.00
21	49	1.00
21	50	1.00
21	51	-1.00
21	52	-1.00
21	53	1.00
22	23	1.00
22	24	1.00
22	25	-1.00
22	26	-1.00
22	27	1.00
22	28	-1.00
22	29	-1.00
22	30	1.00
22	31	1.00
22	32	-1.00
22	33	1.00
22	34	-1.00
22	35	-1.00
22	36	1.00
22	37	1.00
22	38	-1.00
22	39	-1.00
22	40	1.00
22	41	1.00
22	42	1.00
22	43	-1.00
22	44	1.00
22	45	-1.00
22	46	1.00
22	47	1.00
22	48	1.00
22	49	1.00
22	50	1.00
22	51	-1.00
22	52	1.00
22	53	1.00
23	24	1.00
23	25	1.00
23	26	1.00
23	27	1.00
23	28	-1.00
23	29	1.00
23	30	1.00
23	31	1.00
23	32	-1.00
23	33	-1.00
23	34	1.00
23	35	-1.00
23	36	1.00
23	37	1.00
23	38	1.00
23	39	-1.00
23	40	1.00
23	41	-1.00
23	42	1.00
23	43	-1.00
23	44	1.00
23	45	1.00
23	46	1.00
23	47	-1.00
23	48	-1.00
23	49	1.00
23	50	-1.00
23	51	-1.00
23	52	1.00
23	53	-1.00
24	25	-1.00
24	26	-1.00
24	27	-1.00
24	28	-1.00
24	29	1.00
24	30	1.00
24	31	1.00
24	32	1.00
24	33	-1.00
24	34	-1.00
24	35	-1.00
24	36	1.00
24	37	1.00
24	38	1.00
24	39	1.00
24	40	1.00
24	41	-1.00
24	42	-1.00
24	43	1.00
24	44	1.00
24	45	1.00
24	46	-1.00
24	47	1.00
24	48	-1.00
24	49	1.00
24	50	1.00
24	51	1.00
24	52	-1.00
24	53	-1.00
25	26	-1.00
25	27	1.00
25	28	-1.00
25	29	-1.00
25	30	-1.00
25	31	-1.00
25	32	-1.00
25	33	-1.00
25	34	1.00
25	35	1.00
25	36	1.00
25	37	-1.00
25	38	-1.00
25	39	1.00
25	40	-1.00
25	41	-1.00
25	42	1.00
25	43	1.00
25	44	-1.00
25	45	1.00
25	46	-1.00
25	47	-1.00
25	48	1.00
25	49	1.00
25	50	-1.00
25	51	-1.00
25	52	1.00
25	53	-1.00
26	27	-1.00
26	28	1.00
26	29	1.00
26	30	1.00
26	31	1.00
26	32	-1.00
26	33	1.00
26	34	-1.00
26	35	1.00
26	36	-1.00
26	37	-1.00
26	38	-1.00
26	39	-1.00
26	40	-1.00
26	41	-1.00
26	42	-1.00
26	43	1.00
26	44	1.00
26	45	1.00
26	46	1.00
26	47	1.00
26	48	-1.00
26	49	-1.00
26	50	-1.00
26	51	-1.00
26	52	-1.00
26	53	1.00
27	28	-1.00
27	29	1.00
27	30	-1.00
27	31	-1.00
27	32	-1.00
27	33	-1.00
27	34	-1.00
27	35	-1.00
27	36	-1.00
27	37	-1.00
27	38	1.00
27	39	-1.00
27	40	-1.00
27	41	-1.00
27	42	-1.00
27	43	-1.00
27	44	1.00
27	45	-1.00
27	46	-1.00
27	47	-1.00
27	48	1.00
27	49	1.00
27	50	1.00
27	51	-1.00
27	52	-1.00
27	53	-1.00
28	29	-1.00
28	30	-1.00
28	31	1.00
28	32	1.00
28	33	-1.00
28	34	-1.00
28	35	1.00
28	36	1.00
28	37	1.00
28	38	1.00
28	39	-1.00
28	40	-1.00
28	41	-1.00
28	42	1.00
28	43	-1.00
28	44	-1.00
28	45	1.00
28	46	-1.00
28	47	1.00
28	48	-1.00
28	49	1.00
28	50	1.00
28	51	1.00
28	52	1.00
28	53	1.00
29	30	-1.00
29	31	-1.00
29	32	-1.00
29	33	-1.00
29	34	-1.00
29	35	1.00
29	36	1.00
29	37	1.00
29	38	-1.00
29	39	1.00
29	40	-1.00
29	41	1.00
29	42	1.00
29	43	-1.00
29	44	1.00
29	45	1.00
29	46	1.00
29	47	-1.00
29	48	1.00
29	49	1.00
29	50	-1.00
29	51	1.00
29	52	1.00
29	53	-1.00
30	31	1.00
30	32	-1.00
30	33	-1.00
30	34	-1.00
30	35	-1.00
30	36	-1.00
30	37	-1.00
30	38	1.00
30	39	1.00
30	40	1.00
30	41	-1.00
30	42	-1.00
30	43	-1.00
30	44	-1.00
30	45	-1.00
30	46	-1.00
30	47	1.00
30	48	1.00
30	49	1.00
30	50	1.00
30	51	-1.00
30	52	-1.00
30	53	-1.00
31	32	-1.00
31	33	1.00
31	34	1.00
31	35	1.00
31	36	-1.00
31	37	-1.00
31	38	-1.00
31	39	1.00
31	40	-1.00
31	41	-1.00
31	42	-1.00
31	43	1.00
31	44	1.00
31	45	1.00
31	46	1.00
31	47	-1.00
31	48	1.00
31	49	1.00
31	50	-1.00
31	51	-1.00
31	52	-1.00
31	53	1.00
32	33	-1.00
32	34	-1.00
32	35	-1.00
32	36	1.00
32	37	1.00
32	38	1.00
32	39	-1.00
32	40	-1.00
32	41	1.00
32	42	-1.00
32	43	-1.00
32	44	1.00
32	45	-1.00
32	46	-1.00
32	47	-1.00
32	48	-1.00
32	49	-1.00
32	50	-1.00
32	51	-1.00
32	52	-1.00
32	53	1.00
33	34	-1.00
33	35	-1.00
33	36	-1.00
33	37	1.00
33	38	-1.00
33	39	1.00
33	40	-1.00
33	41	1.00
33	42	-1.00
33	43	1.00
33	44	1.00
33	45	1.00
33	46	-1.00
33	47	1.00
33	48	-1.00
33	49	-1.00
33	50	-1.00
33	51	-1.00
33	52	1.00
33	53	1.00
34	35	-1.00
34	36	-1.00
34	37	1.00
34	38	1.00
34	39	-1.00
34	40	-1.00
34	41	1.00
34	42	-1.00
34	43	-1.00
34	44	1.00
34	45	-1.00
34	46	1.00
34	47	-1.00
34	48	-1.00
34	49	-1.00
34	50	-1.00
34	51	1.00
34	52	-1.00
34	53	-1.00
35	36	-1.00
35	37	-1.00
35	38	-1.00
35	39	1.00
35	40	-1.00
35	41	-1.00
35	42	1.00
35	43	1.00
35	44	1.00
35	45	-1.00
35	46	1.00
35	47	1.00
35	48	1.00
35	49	-1.00
35	50	-1.00
35	51	1.00
35	52	1.00
35	53	1.00
36	37	-1.00
36	38	-1.00
36	39	1.00
36	40	1.00
36	41	1.00
36	42	-1.00
36	43	-1.00
36	44	1.00
36	45	1.00
36	46	1.00
36	47	1.00
36	48	1.00
36	49	-1.00
36	50	-1.00
36	51	1.00
36	52	1.00
36	53	1.00
37	38	1.00
37	39	1.00
37	40	-1.00
37	41	-1.00
37	42	-1.00
37	43	1.00
37	44	1.00
37	45	-1.00
37	46	-1.00
37	47	-1.00
37	48	1.00
37	49	-1.00
37	50	1.00
37	51	-1.00
37	52	-1.00
37	53	1.00
38	39	1.00
38	40	1.00
38	41	1.00
38	42	1.00
38	43	-1.00
38	44	-1.00
38	45	-1.00
38	46	1.00
38	47	-1.00
38	48	1.00
38	49	1.00
38	50	1.00
38	51	-1.00
38	52	1.00
38	53	1.00
39	40	-1.00
39	41	-1.00
39	42	-1.00
39	43	-1.00
39	44	1.00
39	45	1.00
39	46	-1.00
39	47	1.00
39	48	-1.00
39	49	-1.00
39	50	1.00
39	51	-1.00
39	52	-1.00
39	53	-1.00
40	41	-1.00
40	42	-1.00
40	43	1.00
40	44	1.00
40	45	-1.00
40	46	1.00
40	47	1.00
40	48	1.00
40	49	-1.00
40	50	-1.00
40	51	1.00
40	52	1.00
40	53	-1.00
41	42	1.00
41	43	1.00
41	44	1.00
41	45	-1.00
41	46	-1.00
41	47	-1.00
41	48	1.00
41	49	1.00
41	50	1.00
41	51	-1.00
41	52	1.00
41	53	1.00
42	43	1.00
42	44	-1.00
42	45	1.00
42	46	-1.00
42	47	1.00
42	48	1.00
42	49	-1.00
42	50	1.00
42	51	1.00
42	52	-1.00
42	53	1.00
43	44	-1.00
43	45	1.00
43	46	1.00
43	47	1.00
43	48	-1.00
43	49	-1.00
43	50	1.00
43	51	1.00
43	52	-1.00
43	53	1.00
44	45	1.00
44	46	1.00
44	47	-1.00
44	48	1.00
44	49	1.00
44	50	-1.00
44	51	-1.00
44	52	-1.00
44	53	-1.00
45	46	1.00
45	47	-1.00
45	48	1.00
45	49	1.00
45	50	1.00
45	51	1.00
45	52	1.00
45	53	1.00
46	47	-1.00
46	48	-1.00
46	49	-1.00
46	50	-1.00
46	51	1.00
46	52	-1.00
46	53	1.00
47	48	-1.00
47	49	-1.00
47	50	-1.00
47	51	-1.00
47	52	-1.00
47	53	-1.00
48	49	1.00
48	50	1.00
48	51	1.00
48	52	1.00
48	53	1.00
49	50	-1.00
49	51	-1.00
49	52	1.00
49	53	-1.00
50	51	1.00
50	52	-1.00
50	53	1.00
51	52	1.00
51	53	-1.00
52	53	1.00
