236	354
1	39	1.00
1	199	1.00
1	29	1.00
2	157	1.00
2	55	1.00
2	184	1.00
3	101	1.00
3	27	1.00
3	175	1.00
4	173	1.00
4	39	1.00
4	153	1.00
5	165	1.00
5	176	1.00
5	22	1.00
6	136	1.00
6	209	1.00
6	53	1.00
7	192	1.00
7	43	1.00
7	159	1.00
8	62	1.00
8	119	1.00
8	138	1.00
9	13	1.00
9	14	1.00
9	166	1.00
10	63	1.00
10	187	1.00
10	216	1.00
11	130	1.00
11	172	1.00
11	79	1.00
12	223	1.00
12	114	1.00
12	205	1.00
13	98	1.00
13	106	1.00
14	156	1.00
14	236	1.00
15	170	1.00
15	214	1.00
15	40	1.00
16	140	1.00
16	79	1.00
16	95	1.00
17	139	1.00
17	138	1.00
17	34	1.00
18	70	1.00
18	68	1.00
18	184	1.00
19	76	1.00
19	157	1.00
19	160	1.00
20	32	1.00
20	204	1.00
20	112	1.00
21	92	1.00
21	185	1.00
21	74	1.00
22	46	1.00
22	23	1.00
23	68	1.00
23	115	1.00
24	223	1.00
24	60	1.00
24	133	1.00
25	201	1.00
25	122	1.00
25	28	1.00
26	210	1.00
26	82	1.00
26	105	1.00
27	170	1.00
27	204	1.00
28	30	1.00
28	129	1.00
29	112	1.00
29	107	1.00
30	121	1.00
30	138	1.00
31	150	1.00
31	227	1.00
31	93	1.00
32	108	1.00
32	137	1.00
33	46	1.00
33	194	1.00
33	149	1.00
34	213	1.00
34	108	1.00
35	99	1.00
35	59	1.00
35	158	1.00
36	233	1.00
36	236	1.00
36	55	1.00
37	202	1.00
37	118	1.00
37	211	1.00
38	148	1.00
38	110	1.00
38	72	1.00
39	228	1.00
40	196	1.00
40	64	1.00
41	47	1.00
41	114	1.00
41	73	1.00
42	202	1.00
42	145	1.00
42	185	1.00
43	195	1.00
43	53	1.00
44	125	1.00
44	120	1.00
44	119	1.00
45	74	1.00
45	115	1.00
45	164	1.00
46	106	1.00
47	176	1.00
47	80	1.00
48	207	1.00
48	109	1.00
48	129	1.00
49	50	1.00
49	68	1.00
49	190	1.00
50	103	1.00
50	65	1.00
51	97	1.00
51	140	1.00
51	230	1.00
52	125	1.00
52	186	1.00
52	135	1.00
53	92	1.00
54	63	1.00
54	137	1.00
54	200	1.00
55	56	1.00
56	193	1.00
56	180	1.00
57	221	1.00
57	198	1.00
57	171	1.00
58	192	1.00
58	188	1.00
58	127	1.00
59	151	1.00
59	103	1.00
60	229	1.00
60	169	1.00
61	73	1.00
61	143	1.00
61	203	1.00
62	91	1.00
62	216	1.00
63	233	1.00
64	187	1.00
64	181	1.00
65	232	1.00
65	89	1.00
66	71	1.00
66	168	1.00
66	139	1.00
67	116	1.00
67	81	1.00
67	213	1.00
69	143	1.00
69	235	1.00
69	142	1.00
70	90	1.00
70	205	1.00
71	225	1.00
71	151	1.00
72	191	1.00
72	105	1.00
73	121	1.00
74	154	1.00
75	182	1.00
75	126	1.00
75	173	1.00
76	120	1.00
76	199	1.00
77	161	1.00
77	177	1.00
77	216	1.00
78	190	1.00
78	201	1.00
78	127	1.00
79	110	1.00
80	100	1.00
80	149	1.00
81	203	1.00
81	134	1.00
82	228	1.00
82	128	1.00
83	226	1.00
83	87	1.00
83	125	1.00
84	148	1.00
84	161	1.00
84	231	1.00
85	222	1.00
85	90	1.00
85	198	1.00
86	189	1.00
86	133	1.00
86	162	1.00
87	174	1.00
87	179	1.00
88	171	1.00
88	109	1.00
88	113	1.00
89	164	1.00
89	236	1.00
90	108	1.00
91	94	1.00
91	206	1.00
92	198	1.00
93	195	1.00
93	222	1.00
94	197	1.00
94	95	1.00
95	102	1.00
96	153	1.00
96	163	1.00
96	234	1.00
97	135	1.00
97	226	1.00
98	201	1.00
98	223	1.00
99	123	1.00
99	169	1.00
100	232	1.00
100	208	1.00
101	132	1.00
101	208	1.00
102	180	1.00
102	235	1.00
103	209	1.00
104	122	1.00
104	165	1.00
104	231	1.00
105	132	1.00
106	174	1.00
107	220	1.00
107	186	1.00
109	183	1.00
110	178	1.00
111	128	1.00
111	126	1.00
111	179	1.00
112	202	1.00
113	141	1.00
113	145	1.00
114	206	1.00
115	174	1.00
116	156	1.00
116	200	1.00
117	130	1.00
117	123	1.00
117	119	1.00
118	171	1.00
118	175	1.00
120	194	1.00
121	166	1.00
122	167	1.00
123	146	1.00
124	229	1.00
124	131	1.00
124	218	1.00
126	197	1.00
127	155	1.00
128	136	1.00
129	162	1.00
130	169	1.00
131	193	1.00
131	213	1.00
132	152	1.00
133	166	1.00
134	141	1.00
134	152	1.00
135	136	1.00
137	140	1.00
139	191	1.00
141	150	1.00
142	211	1.00
142	200	1.00
143	180	1.00
144	179	1.00
144	156	1.00
144	222	1.00
145	208	1.00
146	195	1.00
146	224	1.00
147	160	1.00
147	162	1.00
147	158	1.00
148	163	1.00
149	188	1.00
150	151	1.00
152	170	1.00
153	182	1.00
154	211	1.00
154	228	1.00
155	207	1.00
155	199	1.00
157	175	1.00
158	220	1.00
159	189	1.00
159	184	1.00
160	161	1.00
163	194	1.00
164	182	1.00
165	224	1.00
167	185	1.00
167	215	1.00
168	196	1.00
168	225	1.00
172	221	1.00
172	230	1.00
173	225	1.00
176	177	1.00
177	217	1.00
178	234	1.00
178	181	1.00
181	183	1.00
183	212	1.00
186	209	1.00
187	219	1.00
188	219	1.00
189	212	1.00
190	197	1.00
191	196	1.00
192	214	1.00
193	219	1.00
203	214	1.00
204	205	1.00
206	218	1.00
207	227	1.00
210	235	1.00
210	215	1.00
212	230	1.00
215	221	1.00
217	233	1.00
217	229	1.00
218	226	1.00
220	224	1.00
227	234	1.00
231	232	1.00
