238	357
1	123	1.00
1	215	1.00
1	121	1.00
2	118	1.00
2	186	1.00
2	73	1.00
3	28	1.00
3	86	1.00
3	228	1.00
4	152	1.00
4	99	1.00
4	221	1.00
5	116	1.00
5	119	1.00
5	89	1.00
6	27	1.00
6	9	1.00
6	103	1.00
7	77	1.00
7	148	1.00
7	67	1.00
8	46	1.00
8	54	1.00
8	68	1.00
9	100	1.00
9	123	1.00
10	113	1.00
10	143	1.00
10	207	1.00
11	78	1.00
11	197	1.00
11	57	1.00
12	124	1.00
12	41	1.00
12	120	1.00
13	17	1.00
13	39	1.00
13	190	1.00
14	25	1.00
14	138	1.00
14	37	1.00
15	32	1.00
15	92	1.00
15	80	1.00
16	188	1.00
16	233	1.00
16	166	1.00
17	37	1.00
17	188	1.00
18	161	1.00
18	181	1.00
18	42	1.00
19	128	1.00
19	165	1.00
19	198	1.00
20	151	1.00
20	106	1.00
20	57	1.00
21	137	1.00
21	215	1.00
21	154	1.00
22	100	1.00
22	94	1.00
22	211	1.00
23	159	1.00
23	82	1.00
23	66	1.00
24	78	1.00
24	226	1.00
24	238	1.00
25	155	1.00
25	166	1.00
26	124	1.00
26	27	1.00
26	119	1.00
27	117	1.00
28	38	1.00
28	54	1.00
29	205	1.00
29	185	1.00
29	71	1.00
30	126	1.00
30	195	1.00
30	73	1.00
31	218	1.00
31	123	1.00
31	209	1.00
32	115	1.00
32	156	1.00
33	162	1.00
33	220	1.00
33	90	1.00
34	185	1.00
34	193	1.00
34	150	1.00
35	209	1.00
35	63	1.00
35	227	1.00
36	107	1.00
36	131	1.00
36	86	1.00
37	42	1.00
38	47	1.00
38	89	1.00
39	64	1.00
39	207	1.00
40	183	1.00
40	163	1.00
40	42	1.00
41	133	1.00
41	210	1.00
43	142	1.00
43	58	1.00
43	202	1.00
44	152	1.00
44	130	1.00
44	206	1.00
45	84	1.00
45	181	1.00
45	133	1.00
46	56	1.00
46	202	1.00
47	147	1.00
47	93	1.00
48	145	1.00
48	161	1.00
48	70	1.00
49	191	1.00
49	113	1.00
49	222	1.00
50	197	1.00
50	75	1.00
50	154	1.00
51	234	1.00
51	173	1.00
51	167	1.00
52	177	1.00
52	85	1.00
52	89	1.00
53	112	1.00
53	143	1.00
53	205	1.00
54	83	1.00
55	139	1.00
55	164	1.00
55	204	1.00
56	184	1.00
56	140	1.00
57	118	1.00
58	212	1.00
58	233	1.00
59	63	1.00
59	124	1.00
59	208	1.00
60	126	1.00
60	140	1.00
60	105	1.00
61	220	1.00
61	113	1.00
61	114	1.00
62	234	1.00
62	145	1.00
62	219	1.00
63	72	1.00
64	135	1.00
64	107	1.00
65	90	1.00
65	122	1.00
65	105	1.00
66	201	1.00
66	164	1.00
67	171	1.00
67	141	1.00
68	159	1.00
68	70	1.00
69	120	1.00
69	223	1.00
69	232	1.00
70	157	1.00
71	136	1.00
71	228	1.00
72	223	1.00
72	107	1.00
73	84	1.00
74	219	1.00
74	155	1.00
74	193	1.00
75	101	1.00
75	184	1.00
76	197	1.00
76	91	1.00
76	104	1.00
77	151	1.00
77	81	1.00
78	127	1.00
79	193	1.00
79	102	1.00
79	91	1.00
80	97	1.00
80	218	1.00
81	106	1.00
81	219	1.00
82	165	1.00
82	99	1.00
83	159	1.00
83	155	1.00
84	190	1.00
85	109	1.00
85	189	1.00
86	144	1.00
87	171	1.00
87	93	1.00
87	205	1.00
88	127	1.00
88	174	1.00
88	144	1.00
90	238	1.00
91	199	1.00
92	221	1.00
92	108	1.00
93	200	1.00
94	154	1.00
94	217	1.00
95	135	1.00
95	121	1.00
95	109	1.00
96	211	1.00
96	190	1.00
96	212	1.00
97	157	1.00
97	127	1.00
98	164	1.00
98	200	1.00
98	105	1.00
99	169	1.00
100	215	1.00
101	170	1.00
101	235	1.00
102	134	1.00
102	176	1.00
103	194	1.00
103	108	1.00
104	160	1.00
104	136	1.00
106	177	1.00
108	230	1.00
109	132	1.00
110	231	1.00
110	116	1.00
110	175	1.00
111	171	1.00
111	161	1.00
111	237	1.00
112	182	1.00
112	156	1.00
114	118	1.00
114	234	1.00
115	158	1.00
115	186	1.00
116	209	1.00
117	135	1.00
117	179	1.00
119	162	1.00
120	221	1.00
121	140	1.00
122	150	1.00
122	210	1.00
125	143	1.00
125	184	1.00
125	195	1.00
126	175	1.00
128	142	1.00
128	192	1.00
129	146	1.00
129	231	1.00
129	232	1.00
130	182	1.00
130	160	1.00
131	179	1.00
131	186	1.00
132	160	1.00
132	178	1.00
133	229	1.00
134	153	1.00
134	176	1.00
136	192	1.00
137	238	1.00
137	151	1.00
138	227	1.00
138	180	1.00
139	203	1.00
139	150	1.00
141	227	1.00
141	187	1.00
142	202	1.00
144	237	1.00
145	201	1.00
146	147	1.00
146	182	1.00
147	170	1.00
148	220	1.00
148	207	1.00
149	158	1.00
149	172	1.00
149	199	1.00
152	189	1.00
153	176	1.00
153	174	1.00
156	217	1.00
157	203	1.00
158	191	1.00
162	192	1.00
163	189	1.00
163	211	1.00
165	216	1.00
166	194	1.00
167	180	1.00
167	181	1.00
168	204	1.00
168	224	1.00
168	191	1.00
169	237	1.00
169	236	1.00
170	224	1.00
172	236	1.00
172	210	1.00
173	198	1.00
173	224	1.00
174	225	1.00
175	236	1.00
177	225	1.00
178	196	1.00
178	229	1.00
179	206	1.00
180	213	1.00
183	223	1.00
183	196	1.00
185	226	1.00
187	230	1.00
187	229	1.00
188	228	1.00
194	208	1.00
195	231	1.00
196	217	1.00
198	225	1.00
199	201	1.00
200	232	1.00
203	222	1.00
204	226	1.00
206	212	1.00
208	214	1.00
213	214	1.00
213	235	1.00
214	216	1.00
216	218	1.00
222	233	1.00
230	235	1.00
