240	360
1	26	1.00
1	19	1.00
1	31	1.00
2	32	1.00
2	231	1.00
2	227	1.00
3	70	1.00
3	194	1.00
3	193	1.00
4	117	1.00
4	109	1.00
4	38	1.00
5	154	1.00
5	111	1.00
5	80	1.00
6	195	1.00
6	222	1.00
6	239	1.00
7	29	1.00
7	113	1.00
7	14	1.00
8	220	1.00
8	71	1.00
8	54	1.00
9	226	1.00
9	167	1.00
9	50	1.00
10	237	1.00
10	108	1.00
10	121	1.00
11	36	1.00
11	47	1.00
11	111	1.00
12	58	1.00
12	125	1.00
12	73	1.00
13	164	1.00
13	166	1.00
13	170	1.00
14	47	1.00
14	231	1.00
15	41	1.00
15	160	1.00
15	159	1.00
16	74	1.00
16	106	1.00
16	78	1.00
17	201	1.00
17	159	1.00
17	42	1.00
18	192	1.00
18	179	1.00
18	200	1.00
19	165	1.00
19	39	1.00
20	128	1.00
20	99	1.00
20	98	1.00
21	224	1.00
21	77	1.00
21	142	1.00
22	66	1.00
22	222	1.00
22	178	1.00
23	59	1.00
23	76	1.00
23	156	1.00
24	115	1.00
24	185	1.00
24	85	1.00
25	184	1.00
25	134	1.00
25	60	1.00
26	90	1.00
26	224	1.00
27	208	1.00
27	107	1.00
27	93	1.00
28	176	1.00
28	229	1.00
28	240	1.00
29	43	1.00
29	155	1.00
30	190	1.00
30	213	1.00
30	230	1.00
31	88	1.00
31	229	1.00
32	135	1.00
32	44	1.00
33	220	1.00
33	67	1.00
33	219	1.00
34	238	1.00
34	101	1.00
34	116	1.00
35	84	1.00
35	158	1.00
35	162	1.00
36	129	1.00
36	177	1.00
37	43	1.00
37	41	1.00
37	48	1.00
38	201	1.00
38	125	1.00
39	98	1.00
39	139	1.00
40	106	1.00
40	109	1.00
40	140	1.00
41	198	1.00
42	158	1.00
42	209	1.00
43	89	1.00
44	57	1.00
44	226	1.00
45	147	1.00
45	161	1.00
45	182	1.00
46	97	1.00
46	158	1.00
46	92	1.00
47	206	1.00
48	131	1.00
48	165	1.00
49	143	1.00
49	86	1.00
49	229	1.00
50	124	1.00
50	197	1.00
51	123	1.00
51	143	1.00
51	183	1.00
52	188	1.00
52	108	1.00
52	186	1.00
53	200	1.00
53	105	1.00
53	59	1.00
54	189	1.00
54	66	1.00
55	83	1.00
55	127	1.00
55	132	1.00
56	157	1.00
56	75	1.00
56	195	1.00
57	237	1.00
57	135	1.00
58	105	1.00
58	133	1.00
59	78	1.00
60	206	1.00
60	126	1.00
61	194	1.00
61	112	1.00
61	67	1.00
62	211	1.00
62	151	1.00
62	172	1.00
63	186	1.00
63	232	1.00
63	156	1.00
64	228	1.00
64	182	1.00
64	174	1.00
65	154	1.00
65	202	1.00
65	175	1.00
66	196	1.00
67	196	1.00
68	193	1.00
68	199	1.00
68	80	1.00
69	233	1.00
69	82	1.00
69	116	1.00
70	198	1.00
70	75	1.00
71	137	1.00
71	145	1.00
72	133	1.00
72	124	1.00
72	102	1.00
73	124	1.00
73	231	1.00
74	146	1.00
74	141	1.00
75	102	1.00
76	102	1.00
76	227	1.00
77	130	1.00
77	190	1.00
78	208	1.00
79	207	1.00
79	232	1.00
79	88	1.00
80	221	1.00
81	198	1.00
81	130	1.00
81	182	1.00
82	112	1.00
82	94	1.00
83	163	1.00
83	205	1.00
84	169	1.00
84	104	1.00
85	100	1.00
85	126	1.00
86	188	1.00
86	135	1.00
87	151	1.00
87	203	1.00
87	149	1.00
88	131	1.00
89	207	1.00
89	114	1.00
90	152	1.00
90	227	1.00
91	185	1.00
91	184	1.00
91	139	1.00
92	101	1.00
92	94	1.00
93	107	1.00
93	176	1.00
94	127	1.00
95	96	1.00
95	167	1.00
95	168	1.00
96	174	1.00
96	180	1.00
97	214	1.00
97	178	1.00
98	178	1.00
99	214	1.00
99	169	1.00
100	132	1.00
100	211	1.00
101	112	1.00
103	117	1.00
103	119	1.00
103	114	1.00
104	173	1.00
104	162	1.00
105	173	1.00
106	240	1.00
107	189	1.00
108	235	1.00
109	155	1.00
110	146	1.00
110	191	1.00
110	142	1.00
111	181	1.00
113	184	1.00
113	171	1.00
114	192	1.00
115	204	1.00
115	213	1.00
116	195	1.00
117	204	1.00
118	166	1.00
118	122	1.00
118	161	1.00
119	157	1.00
119	134	1.00
120	217	1.00
120	183	1.00
120	215	1.00
121	232	1.00
121	224	1.00
122	223	1.00
122	197	1.00
123	161	1.00
123	160	1.00
125	147	1.00
126	219	1.00
127	171	1.00
128	203	1.00
128	168	1.00
129	225	1.00
129	150	1.00
130	152	1.00
131	172	1.00
132	186	1.00
133	164	1.00
134	196	1.00
136	140	1.00
136	220	1.00
136	217	1.00
137	215	1.00
137	156	1.00
138	239	1.00
138	163	1.00
138	185	1.00
139	144	1.00
140	180	1.00
141	153	1.00
141	150	1.00
142	159	1.00
143	146	1.00
144	213	1.00
144	187	1.00
145	207	1.00
145	173	1.00
147	236	1.00
148	233	1.00
148	188	1.00
148	219	1.00
149	153	1.00
149	230	1.00
150	226	1.00
151	174	1.00
152	166	1.00
153	177	1.00
154	175	1.00
155	218	1.00
157	172	1.00
160	216	1.00
162	228	1.00
163	233	1.00
164	210	1.00
165	223	1.00
167	168	1.00
169	236	1.00
170	234	1.00
170	240	1.00
171	218	1.00
175	181	1.00
176	201	1.00
177	191	1.00
179	205	1.00
179	190	1.00
180	203	1.00
181	234	1.00
183	212	1.00
187	237	1.00
187	216	1.00
189	209	1.00
191	209	1.00
192	238	1.00
193	239	1.00
194	223	1.00
197	225	1.00
199	217	1.00
199	202	1.00
200	225	1.00
202	214	1.00
204	221	1.00
205	206	1.00
208	216	1.00
210	212	1.00
210	228	1.00
211	236	1.00
212	230	1.00
215	235	1.00
218	238	1.00
221	222	1.00
234	235	1.00
