248	372
1	166	1.00
1	90	1.00
1	196	1.00
2	245	1.00
2	54	1.00
2	124	1.00
3	96	1.00
3	222	1.00
3	217	1.00
4	56	1.00
4	158	1.00
4	19	1.00
5	48	1.00
5	27	1.00
5	76	1.00
6	125	1.00
6	159	1.00
6	182	1.00
7	247	1.00
7	76	1.00
7	157	1.00
8	94	1.00
8	41	1.00
8	182	1.00
9	138	1.00
9	175	1.00
9	163	1.00
10	165	1.00
10	139	1.00
10	245	1.00
11	53	1.00
11	117	1.00
11	125	1.00
12	183	1.00
12	131	1.00
12	41	1.00
13	142	1.00
13	164	1.00
13	213	1.00
14	30	1.00
14	89	1.00
14	32	1.00
15	40	1.00
15	76	1.00
15	22	1.00
16	134	1.00
16	235	1.00
16	179	1.00
17	172	1.00
17	230	1.00
17	181	1.00
18	145	1.00
18	215	1.00
18	204	1.00
19	143	1.00
19	202	1.00
20	219	1.00
20	122	1.00
20	196	1.00
21	82	1.00
21	219	1.00
21	190	1.00
22	120	1.00
22	198	1.00
23	92	1.00
23	27	1.00
23	189	1.00
24	198	1.00
24	30	1.00
24	109	1.00
25	100	1.00
25	142	1.00
25	101	1.00
26	132	1.00
26	47	1.00
26	223	1.00
27	105	1.00
28	99	1.00
28	224	1.00
28	114	1.00
29	47	1.00
29	159	1.00
29	163	1.00
30	56	1.00
31	73	1.00
31	228	1.00
31	116	1.00
32	89	1.00
32	148	1.00
33	52	1.00
33	219	1.00
33	114	1.00
34	108	1.00
34	118	1.00
34	52	1.00
35	235	1.00
35	57	1.00
35	88	1.00
36	65	1.00
36	86	1.00
36	101	1.00
37	95	1.00
37	64	1.00
37	97	1.00
38	231	1.00
38	92	1.00
38	112	1.00
39	168	1.00
39	56	1.00
39	104	1.00
40	246	1.00
40	194	1.00
41	137	1.00
42	169	1.00
42	170	1.00
42	44	1.00
43	142	1.00
43	155	1.00
43	226	1.00
44	224	1.00
44	92	1.00
45	187	1.00
45	232	1.00
45	146	1.00
46	90	1.00
46	101	1.00
46	111	1.00
47	133	1.00
48	173	1.00
48	168	1.00
49	67	1.00
49	191	1.00
49	121	1.00
50	146	1.00
50	217	1.00
50	154	1.00
51	178	1.00
51	209	1.00
51	149	1.00
52	218	1.00
53	140	1.00
53	108	1.00
54	238	1.00
54	57	1.00
55	123	1.00
55	135	1.00
55	214	1.00
57	117	1.00
58	156	1.00
58	199	1.00
58	223	1.00
59	203	1.00
59	244	1.00
59	110	1.00
60	84	1.00
60	68	1.00
60	175	1.00
61	113	1.00
61	121	1.00
61	228	1.00
62	215	1.00
62	236	1.00
62	220	1.00
63	64	1.00
63	105	1.00
63	240	1.00
64	87	1.00
65	106	1.00
65	223	1.00
66	187	1.00
66	123	1.00
66	93	1.00
67	130	1.00
67	179	1.00
68	138	1.00
68	141	1.00
69	85	1.00
69	220	1.00
69	184	1.00
70	115	1.00
70	221	1.00
70	135	1.00
71	79	1.00
71	91	1.00
71	242	1.00
72	78	1.00
72	206	1.00
72	205	1.00
73	102	1.00
73	127	1.00
74	248	1.00
74	80	1.00
74	234	1.00
75	103	1.00
75	120	1.00
75	168	1.00
77	114	1.00
77	157	1.00
77	83	1.00
78	237	1.00
78	99	1.00
79	181	1.00
79	126	1.00
80	115	1.00
80	236	1.00
81	119	1.00
81	184	1.00
81	230	1.00
82	188	1.00
82	161	1.00
83	160	1.00
83	107	1.00
84	220	1.00
84	134	1.00
85	110	1.00
85	127	1.00
86	178	1.00
86	165	1.00
87	221	1.00
87	248	1.00
88	185	1.00
88	196	1.00
89	161	1.00
90	210	1.00
91	180	1.00
91	246	1.00
93	134	1.00
93	210	1.00
94	239	1.00
94	144	1.00
95	232	1.00
95	225	1.00
96	176	1.00
96	190	1.00
97	216	1.00
97	176	1.00
98	150	1.00
98	204	1.00
98	194	1.00
99	185	1.00
100	201	1.00
100	148	1.00
102	173	1.00
102	180	1.00
103	172	1.00
103	207	1.00
104	122	1.00
104	180	1.00
105	126	1.00
106	145	1.00
106	248	1.00
107	237	1.00
107	226	1.00
108	152	1.00
109	192	1.00
109	129	1.00
110	202	1.00
111	191	1.00
111	155	1.00
112	239	1.00
112	147	1.00
113	147	1.00
113	118	1.00
115	151	1.00
116	187	1.00
116	241	1.00
117	229	1.00
118	149	1.00
119	167	1.00
119	188	1.00
120	198	1.00
121	132	1.00
122	200	1.00
123	137	1.00
124	137	1.00
124	193	1.00
125	183	1.00
126	217	1.00
127	208	1.00
128	228	1.00
128	131	1.00
128	214	1.00
129	242	1.00
129	231	1.00
130	245	1.00
130	159	1.00
131	207	1.00
132	235	1.00
133	186	1.00
133	222	1.00
135	227	1.00
136	152	1.00
136	210	1.00
136	199	1.00
138	153	1.00
139	192	1.00
139	143	1.00
140	236	1.00
140	222	1.00
141	157	1.00
141	151	1.00
143	145	1.00
144	206	1.00
144	174	1.00
146	224	1.00
147	202	1.00
148	234	1.00
149	218	1.00
150	205	1.00
150	229	1.00
151	166	1.00
152	191	1.00
153	200	1.00
153	227	1.00
154	229	1.00
154	194	1.00
155	216	1.00
156	177	1.00
156	225	1.00
158	170	1.00
158	167	1.00
160	233	1.00
160	166	1.00
161	241	1.00
162	221	1.00
162	242	1.00
162	240	1.00
163	201	1.00
164	237	1.00
164	209	1.00
165	177	1.00
167	243	1.00
169	186	1.00
169	203	1.00
170	171	1.00
171	197	1.00
171	239	1.00
172	190	1.00
173	207	1.00
174	241	1.00
174	195	1.00
175	197	1.00
176	199	1.00
177	181	1.00
178	230	1.00
179	211	1.00
182	192	1.00
183	208	1.00
184	193	1.00
185	234	1.00
186	238	1.00
188	213	1.00
189	232	1.00
189	200	1.00
193	211	1.00
195	233	1.00
195	201	1.00
197	212	1.00
203	233	1.00
204	209	1.00
205	243	1.00
206	218	1.00
208	227	1.00
211	212	1.00
212	216	1.00
213	215	1.00
214	240	1.00
225	244	1.00
226	238	1.00
231	247	1.00
243	244	1.00
246	247	1.00
