252	378
1	52	1.00
1	135	1.00
1	222	1.00
2	161	1.00
2	133	1.00
2	34	1.00
3	178	1.00
3	218	1.00
3	7	1.00
4	238	1.00
4	102	1.00
4	128	1.00
5	189	1.00
5	87	1.00
5	79	1.00
6	13	1.00
6	213	1.00
6	91	1.00
7	80	1.00
7	55	1.00
8	161	1.00
8	86	1.00
8	213	1.00
9	130	1.00
9	167	1.00
9	10	1.00
10	11	1.00
10	249	1.00
11	225	1.00
11	250	1.00
12	181	1.00
12	104	1.00
12	236	1.00
13	71	1.00
13	128	1.00
14	168	1.00
14	94	1.00
14	38	1.00
15	158	1.00
15	31	1.00
15	34	1.00
16	187	1.00
16	196	1.00
16	164	1.00
17	129	1.00
17	151	1.00
17	50	1.00
18	97	1.00
18	35	1.00
18	204	1.00
19	209	1.00
19	179	1.00
19	113	1.00
20	86	1.00
20	58	1.00
20	54	1.00
21	163	1.00
21	67	1.00
21	64	1.00
22	215	1.00
22	75	1.00
22	159	1.00
23	246	1.00
23	202	1.00
23	184	1.00
24	239	1.00
24	116	1.00
24	210	1.00
25	26	1.00
25	105	1.00
25	226	1.00
26	28	1.00
26	175	1.00
27	97	1.00
27	235	1.00
27	132	1.00
28	56	1.00
28	223	1.00
29	244	1.00
29	223	1.00
29	192	1.00
30	81	1.00
30	56	1.00
30	135	1.00
31	146	1.00
31	236	1.00
32	52	1.00
32	178	1.00
32	188	1.00
33	220	1.00
33	159	1.00
33	243	1.00
34	200	1.00
35	71	1.00
35	70	1.00
36	218	1.00
36	92	1.00
36	77	1.00
37	205	1.00
37	131	1.00
37	128	1.00
38	50	1.00
38	122	1.00
39	241	1.00
39	207	1.00
39	136	1.00
40	175	1.00
40	212	1.00
40	219	1.00
41	103	1.00
41	119	1.00
41	54	1.00
42	190	1.00
42	179	1.00
42	160	1.00
43	53	1.00
43	252	1.00
43	224	1.00
44	170	1.00
44	131	1.00
44	181	1.00
45	155	1.00
45	132	1.00
45	104	1.00
46	179	1.00
46	173	1.00
46	177	1.00
47	160	1.00
47	143	1.00
47	197	1.00
48	163	1.00
48	220	1.00
48	67	1.00
49	221	1.00
49	98	1.00
49	76	1.00
50	215	1.00
51	74	1.00
51	180	1.00
51	228	1.00
52	72	1.00
53	65	1.00
53	75	1.00
54	68	1.00
55	127	1.00
55	154	1.00
56	200	1.00
57	215	1.00
57	242	1.00
57	223	1.00
58	251	1.00
58	148	1.00
59	164	1.00
59	120	1.00
59	196	1.00
60	168	1.00
60	245	1.00
60	174	1.00
61	92	1.00
61	212	1.00
61	160	1.00
62	231	1.00
62	166	1.00
62	206	1.00
63	133	1.00
63	72	1.00
63	166	1.00
64	122	1.00
64	198	1.00
65	113	1.00
65	158	1.00
66	145	1.00
66	78	1.00
66	248	1.00
67	234	1.00
68	74	1.00
68	115	1.00
69	211	1.00
69	96	1.00
69	227	1.00
70	169	1.00
70	219	1.00
71	200	1.00
72	249	1.00
73	203	1.00
73	141	1.00
73	224	1.00
74	127	1.00
75	120	1.00
76	127	1.00
76	114	1.00
77	239	1.00
77	177	1.00
78	145	1.00
78	214	1.00
79	201	1.00
79	188	1.00
80	171	1.00
80	99	1.00
81	82	1.00
81	165	1.00
82	149	1.00
82	125	1.00
83	155	1.00
83	144	1.00
83	138	1.00
84	151	1.00
84	118	1.00
84	174	1.00
85	124	1.00
85	95	1.00
85	211	1.00
86	121	1.00
87	88	1.00
87	206	1.00
88	205	1.00
88	204	1.00
89	164	1.00
89	171	1.00
89	231	1.00
90	165	1.00
90	247	1.00
90	140	1.00
91	240	1.00
91	144	1.00
92	105	1.00
93	216	1.00
93	212	1.00
93	192	1.00
94	110	1.00
94	162	1.00
95	243	1.00
95	146	1.00
96	229	1.00
96	108	1.00
97	251	1.00
98	118	1.00
98	189	1.00
99	202	1.00
99	143	1.00
100	117	1.00
100	176	1.00
100	103	1.00
101	131	1.00
101	129	1.00
101	236	1.00
102	232	1.00
102	119	1.00
103	221	1.00
104	107	1.00
105	117	1.00
106	134	1.00
106	233	1.00
106	172	1.00
107	177	1.00
107	112	1.00
108	239	1.00
108	191	1.00
109	180	1.00
109	114	1.00
109	140	1.00
110	150	1.00
110	133	1.00
111	195	1.00
111	194	1.00
111	240	1.00
112	189	1.00
112	124	1.00
113	153	1.00
114	234	1.00
115	149	1.00
115	198	1.00
116	153	1.00
116	138	1.00
117	227	1.00
118	159	1.00
119	201	1.00
120	121	1.00
121	210	1.00
122	162	1.00
123	149	1.00
123	237	1.00
123	213	1.00
124	208	1.00
125	203	1.00
125	235	1.00
126	195	1.00
126	205	1.00
126	238	1.00
129	227	1.00
130	156	1.00
130	147	1.00
132	185	1.00
134	187	1.00
134	244	1.00
135	241	1.00
136	141	1.00
136	140	1.00
137	209	1.00
137	150	1.00
137	169	1.00
138	248	1.00
139	232	1.00
139	142	1.00
139	154	1.00
141	144	1.00
142	168	1.00
142	206	1.00
143	210	1.00
145	238	1.00
146	233	1.00
147	182	1.00
147	199	1.00
148	217	1.00
148	247	1.00
150	185	1.00
151	248	1.00
152	230	1.00
152	188	1.00
152	170	1.00
153	226	1.00
154	190	1.00
155	202	1.00
156	208	1.00
156	228	1.00
157	162	1.00
157	219	1.00
157	225	1.00
158	230	1.00
161	214	1.00
163	242	1.00
165	203	1.00
166	233	1.00
167	231	1.00
167	173	1.00
169	224	1.00
170	199	1.00
171	182	1.00
172	220	1.00
172	191	1.00
173	229	1.00
174	182	1.00
175	221	1.00
176	247	1.00
176	245	1.00
178	237	1.00
180	185	1.00
181	184	1.00
183	216	1.00
183	199	1.00
183	246	1.00
184	237	1.00
186	193	1.00
186	197	1.00
186	246	1.00
187	249	1.00
190	232	1.00
191	241	1.00
192	195	1.00
193	217	1.00
193	240	1.00
194	204	1.00
194	197	1.00
196	217	1.00
198	252	1.00
201	234	1.00
207	214	1.00
207	222	1.00
208	250	1.00
209	229	1.00
211	250	1.00
216	226	1.00
218	251	1.00
222	245	1.00
225	230	1.00
228	235	1.00
242	252	1.00
243	244	1.00
