254	381
1	140	1.00
1	181	1.00
1	220	1.00
2	74	1.00
2	115	1.00
2	97	1.00
3	38	1.00
3	79	1.00
3	154	1.00
4	189	1.00
4	36	1.00
4	57	1.00
5	28	1.00
5	157	1.00
5	9	1.00
6	226	1.00
6	247	1.00
6	61	1.00
7	27	1.00
7	128	1.00
7	82	1.00
8	106	1.00
8	59	1.00
8	241	1.00
9	149	1.00
9	221	1.00
10	155	1.00
10	195	1.00
10	26	1.00
11	233	1.00
11	29	1.00
11	66	1.00
12	231	1.00
12	172	1.00
12	128	1.00
13	91	1.00
13	33	1.00
13	242	1.00
14	16	1.00
14	75	1.00
14	215	1.00
15	223	1.00
15	71	1.00
15	116	1.00
16	244	1.00
16	23	1.00
17	75	1.00
17	140	1.00
17	179	1.00
18	150	1.00
18	185	1.00
18	98	1.00
19	224	1.00
19	219	1.00
19	124	1.00
20	175	1.00
20	27	1.00
20	250	1.00
21	199	1.00
21	93	1.00
21	34	1.00
22	116	1.00
22	236	1.00
22	131	1.00
23	24	1.00
23	63	1.00
24	107	1.00
24	219	1.00
25	124	1.00
25	184	1.00
25	187	1.00
26	146	1.00
26	84	1.00
27	58	1.00
28	99	1.00
28	243	1.00
29	59	1.00
29	136	1.00
30	70	1.00
30	174	1.00
30	252	1.00
31	234	1.00
31	101	1.00
31	119	1.00
32	52	1.00
32	195	1.00
32	73	1.00
33	179	1.00
33	251	1.00
34	76	1.00
34	146	1.00
35	108	1.00
35	237	1.00
35	148	1.00
36	171	1.00
36	85	1.00
37	51	1.00
37	206	1.00
37	247	1.00
38	189	1.00
38	41	1.00
39	83	1.00
39	147	1.00
39	148	1.00
40	43	1.00
40	191	1.00
40	142	1.00
41	242	1.00
41	62	1.00
42	230	1.00
42	169	1.00
42	191	1.00
43	61	1.00
43	140	1.00
44	75	1.00
44	100	1.00
44	47	1.00
45	214	1.00
45	143	1.00
45	93	1.00
46	186	1.00
46	98	1.00
46	124	1.00
47	113	1.00
47	183	1.00
48	76	1.00
48	182	1.00
48	88	1.00
49	190	1.00
49	89	1.00
49	176	1.00
50	181	1.00
50	220	1.00
50	149	1.00
51	90	1.00
51	157	1.00
52	223	1.00
52	244	1.00
53	245	1.00
53	137	1.00
53	125	1.00
54	109	1.00
54	253	1.00
54	99	1.00
55	180	1.00
55	141	1.00
55	131	1.00
56	252	1.00
56	88	1.00
56	229	1.00
57	112	1.00
57	235	1.00
58	145	1.00
58	103	1.00
59	197	1.00
60	192	1.00
60	228	1.00
60	150	1.00
61	125	1.00
62	168	1.00
62	226	1.00
63	240	1.00
63	94	1.00
64	110	1.00
64	67	1.00
64	132	1.00
65	207	1.00
65	176	1.00
65	110	1.00
66	109	1.00
66	81	1.00
67	143	1.00
67	144	1.00
68	222	1.00
68	116	1.00
68	244	1.00
69	115	1.00
69	90	1.00
69	226	1.00
70	126	1.00
70	78	1.00
71	196	1.00
71	120	1.00
72	212	1.00
72	78	1.00
72	165	1.00
73	228	1.00
73	168	1.00
74	249	1.00
74	160	1.00
76	93	1.00
77	250	1.00
77	234	1.00
77	187	1.00
78	237	1.00
79	130	1.00
79	112	1.00
80	222	1.00
80	211	1.00
80	176	1.00
81	213	1.00
81	162	1.00
82	108	1.00
82	129	1.00
83	195	1.00
83	173	1.00
84	251	1.00
84	185	1.00
85	152	1.00
85	91	1.00
86	204	1.00
86	254	1.00
86	171	1.00
87	230	1.00
87	173	1.00
87	215	1.00
88	163	1.00
89	161	1.00
89	217	1.00
90	193	1.00
91	218	1.00
92	201	1.00
92	194	1.00
92	211	1.00
94	251	1.00
94	241	1.00
95	155	1.00
95	100	1.00
95	229	1.00
96	213	1.00
96	132	1.00
96	222	1.00
97	118	1.00
97	184	1.00
98	136	1.00
99	145	1.00
100	135	1.00
101	201	1.00
101	173	1.00
102	248	1.00
102	223	1.00
102	126	1.00
103	233	1.00
103	139	1.00
104	232	1.00
104	113	1.00
104	134	1.00
105	215	1.00
105	237	1.00
105	133	1.00
106	164	1.00
106	178	1.00
107	166	1.00
107	243	1.00
108	144	1.00
109	193	1.00
110	138	1.00
111	236	1.00
111	163	1.00
111	118	1.00
112	179	1.00
113	152	1.00
114	218	1.00
114	142	1.00
114	210	1.00
115	230	1.00
117	209	1.00
117	138	1.00
117	156	1.00
118	241	1.00
119	147	1.00
119	174	1.00
120	200	1.00
120	127	1.00
121	158	1.00
121	212	1.00
121	245	1.00
122	248	1.00
122	175	1.00
122	239	1.00
123	169	1.00
123	235	1.00
123	182	1.00
125	141	1.00
126	214	1.00
127	254	1.00
127	208	1.00
128	129	1.00
129	177	1.00
130	141	1.00
130	162	1.00
131	160	1.00
132	136	1.00
133	225	1.00
133	172	1.00
134	161	1.00
134	232	1.00
135	199	1.00
135	171	1.00
137	158	1.00
137	203	1.00
138	151	1.00
139	178	1.00
139	209	1.00
142	144	1.00
143	207	1.00
145	218	1.00
146	186	1.00
147	238	1.00
148	216	1.00
149	170	1.00
150	200	1.00
151	198	1.00
151	194	1.00
152	221	1.00
153	252	1.00
153	163	1.00
153	227	1.00
154	180	1.00
154	166	1.00
155	234	1.00
156	178	1.00
156	246	1.00
157	208	1.00
158	245	1.00
159	169	1.00
159	202	1.00
159	194	1.00
160	224	1.00
161	253	1.00
162	182	1.00
164	229	1.00
164	249	1.00
165	221	1.00
165	209	1.00
166	167	1.00
167	205	1.00
167	240	1.00
168	208	1.00
170	197	1.00
170	224	1.00
172	196	1.00
174	183	1.00
175	250	1.00
177	227	1.00
177	240	1.00
180	238	1.00
181	242	1.00
183	236	1.00
184	193	1.00
185	216	1.00
186	190	1.00
187	210	1.00
188	254	1.00
188	198	1.00
188	249	1.00
189	211	1.00
190	207	1.00
191	246	1.00
192	198	1.00
192	203	1.00
196	214	1.00
197	203	1.00
199	232	1.00
200	205	1.00
201	243	1.00
202	225	1.00
202	231	1.00
204	210	1.00
204	213	1.00
205	206	1.00
206	239	1.00
212	225	1.00
216	235	1.00
217	233	1.00
217	227	1.00
219	231	1.00
220	248	1.00
228	247	1.00
238	239	1.00
246	253	1.00
