256	384
1	166	1.00
1	89	1.00
1	66	1.00
2	26	1.00
2	248	1.00
2	135	1.00
3	221	1.00
3	251	1.00
3	58	1.00
4	105	1.00
4	53	1.00
4	35	1.00
5	112	1.00
5	237	1.00
5	77	1.00
6	57	1.00
6	180	1.00
6	38	1.00
7	211	1.00
7	129	1.00
7	60	1.00
8	73	1.00
8	206	1.00
8	28	1.00
9	210	1.00
9	140	1.00
9	207	1.00
10	17	1.00
10	66	1.00
10	72	1.00
11	243	1.00
11	124	1.00
11	102	1.00
12	125	1.00
12	229	1.00
12	218	1.00
13	158	1.00
13	180	1.00
13	115	1.00
14	125	1.00
14	58	1.00
14	210	1.00
15	131	1.00
15	79	1.00
15	121	1.00
16	114	1.00
16	73	1.00
16	153	1.00
17	95	1.00
17	109	1.00
18	163	1.00
18	128	1.00
18	157	1.00
19	250	1.00
19	239	1.00
19	217	1.00
20	41	1.00
20	120	1.00
20	227	1.00
21	36	1.00
21	113	1.00
21	217	1.00
22	183	1.00
22	34	1.00
22	138	1.00
23	186	1.00
23	67	1.00
23	130	1.00
24	56	1.00
24	129	1.00
24	222	1.00
25	191	1.00
25	81	1.00
25	169	1.00
26	237	1.00
26	226	1.00
27	192	1.00
27	68	1.00
27	256	1.00
28	126	1.00
28	39	1.00
29	76	1.00
29	68	1.00
29	174	1.00
30	147	1.00
30	165	1.00
30	114	1.00
31	185	1.00
31	163	1.00
31	197	1.00
32	178	1.00
32	177	1.00
32	221	1.00
33	215	1.00
33	57	1.00
33	84	1.00
34	49	1.00
34	174	1.00
35	152	1.00
35	215	1.00
36	256	1.00
36	184	1.00
37	69	1.00
37	226	1.00
37	82	1.00
38	111	1.00
38	184	1.00
39	220	1.00
39	134	1.00
40	66	1.00
40	176	1.00
40	166	1.00
41	72	1.00
41	202	1.00
42	128	1.00
42	209	1.00
42	145	1.00
43	96	1.00
43	88	1.00
43	48	1.00
44	150	1.00
44	89	1.00
44	238	1.00
45	60	1.00
45	148	1.00
45	222	1.00
46	183	1.00
46	247	1.00
46	232	1.00
47	49	1.00
47	128	1.00
47	219	1.00
48	228	1.00
48	84	1.00
49	196	1.00
50	206	1.00
50	178	1.00
50	167	1.00
51	173	1.00
51	218	1.00
51	62	1.00
52	193	1.00
52	161	1.00
52	70	1.00
53	75	1.00
53	231	1.00
54	207	1.00
54	235	1.00
54	212	1.00
55	245	1.00
55	244	1.00
55	215	1.00
56	92	1.00
56	143	1.00
57	164	1.00
58	198	1.00
59	194	1.00
59	107	1.00
59	212	1.00
60	104	1.00
61	185	1.00
61	239	1.00
61	96	1.00
62	97	1.00
62	102	1.00
63	201	1.00
63	162	1.00
63	97	1.00
64	137	1.00
64	202	1.00
64	65	1.00
65	156	1.00
65	140	1.00
67	107	1.00
67	242	1.00
68	151	1.00
69	174	1.00
69	224	1.00
70	190	1.00
70	228	1.00
71	115	1.00
71	241	1.00
71	213	1.00
72	134	1.00
73	177	1.00
74	87	1.00
74	151	1.00
74	188	1.00
75	110	1.00
75	249	1.00
76	142	1.00
76	123	1.00
77	195	1.00
77	184	1.00
78	211	1.00
78	200	1.00
78	175	1.00
79	250	1.00
79	121	1.00
80	155	1.00
80	187	1.00
80	240	1.00
81	208	1.00
81	113	1.00
82	253	1.00
82	117	1.00
83	127	1.00
83	118	1.00
83	177	1.00
84	111	1.00
85	206	1.00
85	254	1.00
85	101	1.00
86	113	1.00
86	205	1.00
86	237	1.00
87	171	1.00
87	95	1.00
88	137	1.00
88	235	1.00
89	255	1.00
90	247	1.00
90	227	1.00
90	108	1.00
91	205	1.00
91	195	1.00
91	99	1.00
92	216	1.00
92	136	1.00
93	109	1.00
93	233	1.00
93	170	1.00
94	248	1.00
94	96	1.00
94	119	1.00
95	192	1.00
97	196	1.00
98	122	1.00
98	196	1.00
98	204	1.00
99	103	1.00
99	167	1.00
100	175	1.00
100	142	1.00
100	191	1.00
101	212	1.00
101	245	1.00
102	118	1.00
103	244	1.00
103	165	1.00
104	192	1.00
104	115	1.00
105	145	1.00
105	106	1.00
106	112	1.00
106	181	1.00
107	179	1.00
108	232	1.00
108	211	1.00
109	180	1.00
110	231	1.00
110	198	1.00
111	189	1.00
112	214	1.00
114	157	1.00
116	121	1.00
116	246	1.00
116	217	1.00
117	202	1.00
117	245	1.00
118	123	1.00
119	127	1.00
119	213	1.00
120	122	1.00
120	201	1.00
122	135	1.00
123	204	1.00
124	131	1.00
124	205	1.00
125	251	1.00
126	254	1.00
126	143	1.00
127	138	1.00
129	148	1.00
130	169	1.00
130	139	1.00
131	153	1.00
132	200	1.00
132	156	1.00
132	214	1.00
133	134	1.00
133	246	1.00
133	169	1.00
135	233	1.00
136	183	1.00
136	224	1.00
137	190	1.00
138	247	1.00
139	227	1.00
139	158	1.00
140	238	1.00
141	198	1.00
141	148	1.00
141	160	1.00
142	222	1.00
143	162	1.00
144	226	1.00
144	188	1.00
144	173	1.00
145	179	1.00
146	188	1.00
146	147	1.00
146	203	1.00
147	190	1.00
149	173	1.00
149	230	1.00
149	239	1.00
150	200	1.00
150	154	1.00
151	203	1.00
152	182	1.00
152	242	1.00
153	256	1.00
154	252	1.00
154	172	1.00
155	194	1.00
155	253	1.00
156	223	1.00
157	218	1.00
158	187	1.00
159	249	1.00
159	186	1.00
159	185	1.00
160	219	1.00
160	193	1.00
161	175	1.00
161	240	1.00
162	253	1.00
163	178	1.00
164	229	1.00
164	172	1.00
165	240	1.00
166	214	1.00
167	236	1.00
168	241	1.00
168	231	1.00
168	172	1.00
170	230	1.00
170	234	1.00
171	223	1.00
171	225	1.00
176	208	1.00
176	189	1.00
179	191	1.00
181	230	1.00
181	234	1.00
182	244	1.00
182	197	1.00
186	255	1.00
187	208	1.00
189	195	1.00
193	209	1.00
194	233	1.00
197	223	1.00
199	238	1.00
199	225	1.00
199	219	1.00
201	241	1.00
203	210	1.00
204	220	1.00
207	236	1.00
209	232	1.00
213	229	1.00
216	243	1.00
216	249	1.00
220	235	1.00
221	246	1.00
224	255	1.00
225	250	1.00
228	248	1.00
234	242	1.00
236	254	1.00
243	252	1.00
251	252	1.00
