262	393
1	17	1.00
1	58	1.00
1	43	1.00
2	251	1.00
2	70	1.00
2	207	1.00
3	27	1.00
3	255	1.00
3	211	1.00
4	110	1.00
4	262	1.00
4	233	1.00
5	26	1.00
5	37	1.00
5	220	1.00
6	12	1.00
6	125	1.00
6	221	1.00
7	99	1.00
7	131	1.00
7	172	1.00
8	159	1.00
8	163	1.00
8	85	1.00
9	88	1.00
9	64	1.00
9	198	1.00
10	49	1.00
10	112	1.00
10	255	1.00
11	173	1.00
11	74	1.00
11	252	1.00
12	97	1.00
12	180	1.00
13	153	1.00
13	225	1.00
13	100	1.00
14	98	1.00
14	99	1.00
14	59	1.00
15	240	1.00
15	182	1.00
15	25	1.00
16	69	1.00
16	185	1.00
16	224	1.00
17	242	1.00
17	174	1.00
18	61	1.00
18	121	1.00
18	227	1.00
19	182	1.00
19	146	1.00
19	93	1.00
20	28	1.00
20	55	1.00
20	249	1.00
21	25	1.00
21	243	1.00
21	254	1.00
22	154	1.00
22	251	1.00
22	62	1.00
23	220	1.00
23	70	1.00
23	58	1.00
24	258	1.00
24	248	1.00
24	215	1.00
25	232	1.00
26	106	1.00
26	117	1.00
27	166	1.00
27	223	1.00
28	93	1.00
28	230	1.00
29	157	1.00
29	168	1.00
29	250	1.00
30	120	1.00
30	103	1.00
30	82	1.00
31	184	1.00
31	217	1.00
31	188	1.00
32	84	1.00
32	45	1.00
32	57	1.00
33	126	1.00
33	42	1.00
33	46	1.00
34	63	1.00
34	156	1.00
34	262	1.00
35	236	1.00
35	175	1.00
35	262	1.00
36	244	1.00
36	192	1.00
36	142	1.00
37	222	1.00
37	168	1.00
38	255	1.00
38	111	1.00
38	147	1.00
39	216	1.00
39	239	1.00
39	223	1.00
40	154	1.00
40	188	1.00
40	113	1.00
41	73	1.00
41	198	1.00
41	170	1.00
42	140	1.00
42	178	1.00
43	257	1.00
43	210	1.00
44	248	1.00
44	64	1.00
44	47	1.00
45	55	1.00
45	104	1.00
46	78	1.00
46	144	1.00
47	235	1.00
47	169	1.00
48	197	1.00
48	62	1.00
48	225	1.00
49	206	1.00
49	89	1.00
50	219	1.00
50	205	1.00
50	60	1.00
51	114	1.00
51	169	1.00
51	130	1.00
52	122	1.00
52	184	1.00
52	165	1.00
53	118	1.00
53	67	1.00
53	150	1.00
54	76	1.00
54	105	1.00
54	186	1.00
55	96	1.00
56	72	1.00
56	160	1.00
56	252	1.00
57	250	1.00
57	69	1.00
58	230	1.00
59	84	1.00
59	180	1.00
60	139	1.00
60	178	1.00
61	216	1.00
61	232	1.00
62	90	1.00
63	244	1.00
63	72	1.00
64	115	1.00
65	214	1.00
65	140	1.00
65	177	1.00
66	253	1.00
66	200	1.00
66	156	1.00
67	170	1.00
67	149	1.00
68	234	1.00
68	147	1.00
68	144	1.00
69	222	1.00
70	92	1.00
71	109	1.00
71	173	1.00
71	103	1.00
72	174	1.00
73	116	1.00
73	159	1.00
74	94	1.00
74	96	1.00
75	95	1.00
75	247	1.00
75	209	1.00
76	167	1.00
76	261	1.00
77	80	1.00
77	117	1.00
77	129	1.00
78	193	1.00
78	259	1.00
79	116	1.00
79	136	1.00
79	190	1.00
80	238	1.00
80	224	1.00
81	141	1.00
81	138	1.00
81	145	1.00
82	203	1.00
82	199	1.00
83	118	1.00
83	163	1.00
83	245	1.00
84	102	1.00
85	131	1.00
85	158	1.00
86	137	1.00
86	88	1.00
86	218	1.00
87	104	1.00
87	114	1.00
87	90	1.00
88	166	1.00
89	261	1.00
89	101	1.00
90	106	1.00
91	241	1.00
91	119	1.00
91	171	1.00
92	207	1.00
92	98	1.00
93	135	1.00
94	204	1.00
94	149	1.00
95	123	1.00
95	153	1.00
96	212	1.00
97	167	1.00
97	138	1.00
98	236	1.00
99	164	1.00
100	167	1.00
100	101	1.00
101	261	1.00
102	117	1.00
102	221	1.00
103	115	1.00
104	227	1.00
105	127	1.00
105	108	1.00
106	177	1.00
107	175	1.00
107	156	1.00
107	126	1.00
108	226	1.00
108	204	1.00
109	136	1.00
109	164	1.00
110	260	1.00
110	238	1.00
111	171	1.00
111	169	1.00
112	229	1.00
112	225	1.00
113	154	1.00
113	245	1.00
114	183	1.00
115	196	1.00
116	158	1.00
118	237	1.00
119	124	1.00
119	256	1.00
120	239	1.00
120	228	1.00
121	238	1.00
121	259	1.00
122	204	1.00
122	260	1.00
123	215	1.00
123	149	1.00
124	179	1.00
124	125	1.00
125	176	1.00
126	189	1.00
127	242	1.00
127	161	1.00
128	213	1.00
128	217	1.00
128	180	1.00
129	258	1.00
129	250	1.00
130	236	1.00
130	207	1.00
131	199	1.00
132	240	1.00
132	233	1.00
132	228	1.00
133	240	1.00
133	171	1.00
133	170	1.00
134	146	1.00
134	241	1.00
134	217	1.00
135	147	1.00
135	177	1.00
136	200	1.00
137	208	1.00
137	249	1.00
138	165	1.00
139	175	1.00
139	155	1.00
140	172	1.00
141	201	1.00
141	229	1.00
142	234	1.00
142	246	1.00
143	174	1.00
143	165	1.00
143	151	1.00
144	230	1.00
145	212	1.00
145	150	1.00
146	210	1.00
148	201	1.00
148	176	1.00
148	193	1.00
150	214	1.00
151	183	1.00
151	160	1.00
152	215	1.00
152	248	1.00
152	162	1.00
153	237	1.00
155	231	1.00
155	257	1.00
157	246	1.00
157	256	1.00
158	202	1.00
159	187	1.00
160	242	1.00
161	218	1.00
161	185	1.00
162	211	1.00
162	243	1.00
163	187	1.00
164	235	1.00
166	208	1.00
168	244	1.00
172	205	1.00
173	232	1.00
176	211	1.00
178	213	1.00
179	191	1.00
179	253	1.00
181	201	1.00
181	258	1.00
181	260	1.00
182	233	1.00
183	192	1.00
184	226	1.00
185	195	1.00
186	237	1.00
186	190	1.00
187	194	1.00
188	193	1.00
189	208	1.00
189	247	1.00
190	219	1.00
191	196	1.00
191	212	1.00
192	229	1.00
194	251	1.00
194	206	1.00
195	249	1.00
195	227	1.00
196	254	1.00
197	206	1.00
197	199	1.00
198	200	1.00
202	235	1.00
202	210	1.00
203	209	1.00
203	252	1.00
205	241	1.00
209	239	1.00
213	222	1.00
214	257	1.00
216	224	1.00
218	219	1.00
220	254	1.00
221	223	1.00
226	231	1.00
228	259	1.00
231	253	1.00
234	256	1.00
243	245	1.00
246	247	1.00
