270	405
1	4	1.00
1	25	1.00
1	117	1.00
2	251	1.00
2	209	1.00
2	189	1.00
3	213	1.00
3	55	1.00
3	7	1.00
4	50	1.00
4	5	1.00
5	144	1.00
5	178	1.00
6	18	1.00
6	201	1.00
6	136	1.00
7	234	1.00
7	8	1.00
8	177	1.00
8	157	1.00
9	207	1.00
9	135	1.00
9	59	1.00
10	144	1.00
10	246	1.00
10	69	1.00
11	37	1.00
11	109	1.00
11	149	1.00
12	74	1.00
12	77	1.00
12	27	1.00
13	99	1.00
13	195	1.00
13	105	1.00
14	32	1.00
14	15	1.00
14	83	1.00
15	172	1.00
15	231	1.00
16	72	1.00
16	93	1.00
16	185	1.00
17	184	1.00
17	70	1.00
17	216	1.00
18	206	1.00
18	129	1.00
19	79	1.00
19	62	1.00
19	28	1.00
20	264	1.00
20	166	1.00
20	110	1.00
21	158	1.00
21	187	1.00
21	89	1.00
22	183	1.00
22	238	1.00
22	269	1.00
23	52	1.00
23	256	1.00
23	103	1.00
24	157	1.00
24	49	1.00
24	202	1.00
25	91	1.00
25	98	1.00
26	111	1.00
26	264	1.00
26	148	1.00
27	85	1.00
27	53	1.00
28	218	1.00
28	257	1.00
29	224	1.00
29	146	1.00
29	145	1.00
30	243	1.00
30	240	1.00
30	221	1.00
31	128	1.00
31	228	1.00
31	40	1.00
32	114	1.00
32	68	1.00
33	154	1.00
33	226	1.00
33	149	1.00
34	57	1.00
34	248	1.00
34	107	1.00
35	97	1.00
35	260	1.00
35	188	1.00
36	148	1.00
36	182	1.00
36	244	1.00
37	41	1.00
37	100	1.00
38	138	1.00
38	217	1.00
38	253	1.00
39	208	1.00
39	68	1.00
39	125	1.00
40	134	1.00
40	186	1.00
41	114	1.00
41	242	1.00
42	87	1.00
42	251	1.00
42	72	1.00
43	131	1.00
43	141	1.00
43	252	1.00
44	131	1.00
44	210	1.00
44	211	1.00
45	167	1.00
45	178	1.00
45	173	1.00
46	123	1.00
46	104	1.00
46	197	1.00
47	261	1.00
47	151	1.00
47	215	1.00
48	120	1.00
48	227	1.00
48	80	1.00
49	214	1.00
49	122	1.00
50	93	1.00
50	219	1.00
51	104	1.00
51	156	1.00
51	197	1.00
52	61	1.00
52	236	1.00
53	61	1.00
53	84	1.00
54	265	1.00
54	261	1.00
54	86	1.00
55	96	1.00
55	171	1.00
56	248	1.00
56	134	1.00
56	125	1.00
57	58	1.00
57	62	1.00
58	75	1.00
58	189	1.00
59	266	1.00
59	135	1.00
60	165	1.00
60	220	1.00
60	183	1.00
61	173	1.00
62	102	1.00
63	95	1.00
63	262	1.00
63	169	1.00
64	255	1.00
64	177	1.00
64	161	1.00
65	147	1.00
65	118	1.00
65	171	1.00
66	256	1.00
66	153	1.00
66	95	1.00
67	127	1.00
67	257	1.00
67	200	1.00
68	232	1.00
69	262	1.00
69	86	1.00
70	138	1.00
70	258	1.00
71	152	1.00
71	75	1.00
71	198	1.00
72	220	1.00
73	261	1.00
73	199	1.00
73	178	1.00
74	196	1.00
74	242	1.00
75	254	1.00
76	258	1.00
76	173	1.00
76	193	1.00
77	123	1.00
77	128	1.00
78	179	1.00
78	207	1.00
78	119	1.00
79	252	1.00
79	141	1.00
80	139	1.00
80	205	1.00
81	140	1.00
81	159	1.00
81	83	1.00
82	248	1.00
82	103	1.00
82	121	1.00
83	189	1.00
84	102	1.00
84	106	1.00
85	229	1.00
85	240	1.00
86	172	1.00
87	254	1.00
87	165	1.00
88	213	1.00
88	158	1.00
88	203	1.00
89	222	1.00
89	259	1.00
90	165	1.00
90	175	1.00
90	194	1.00
91	209	1.00
91	185	1.00
92	101	1.00
92	108	1.00
92	180	1.00
93	191	1.00
94	224	1.00
94	117	1.00
94	115	1.00
95	115	1.00
96	263	1.00
96	110	1.00
97	267	1.00
97	200	1.00
98	163	1.00
98	181	1.00
99	116	1.00
99	243	1.00
100	112	1.00
100	245	1.00
101	147	1.00
101	240	1.00
102	221	1.00
103	256	1.00
104	185	1.00
105	250	1.00
105	230	1.00
106	126	1.00
106	152	1.00
107	236	1.00
107	149	1.00
108	235	1.00
108	231	1.00
109	110	1.00
109	157	1.00
111	192	1.00
111	133	1.00
112	242	1.00
112	212	1.00
113	176	1.00
113	262	1.00
113	190	1.00
114	251	1.00
115	233	1.00
116	201	1.00
116	204	1.00
117	226	1.00
118	175	1.00
118	249	1.00
119	223	1.00
119	137	1.00
120	233	1.00
120	142	1.00
121	145	1.00
121	163	1.00
122	239	1.00
122	198	1.00
123	186	1.00
124	247	1.00
124	201	1.00
124	188	1.00
125	214	1.00
126	194	1.00
126	162	1.00
127	191	1.00
127	172	1.00
128	241	1.00
129	174	1.00
129	160	1.00
130	156	1.00
130	151	1.00
130	139	1.00
131	134	1.00
132	229	1.00
132	237	1.00
132	212	1.00
133	213	1.00
133	187	1.00
135	203	1.00
136	147	1.00
136	198	1.00
137	228	1.00
137	195	1.00
138	255	1.00
139	170	1.00
140	162	1.00
140	222	1.00
141	268	1.00
142	197	1.00
142	234	1.00
143	216	1.00
143	146	1.00
143	190	1.00
144	202	1.00
145	194	1.00
146	174	1.00
148	218	1.00
150	259	1.00
150	265	1.00
150	164	1.00
151	228	1.00
152	246	1.00
153	167	1.00
153	184	1.00
154	245	1.00
154	155	1.00
155	224	1.00
155	266	1.00
156	260	1.00
158	176	1.00
159	238	1.00
159	269	1.00
160	253	1.00
160	267	1.00
161	219	1.00
161	238	1.00
162	174	1.00
163	270	1.00
164	199	1.00
164	249	1.00
166	264	1.00
166	232	1.00
167	211	1.00
168	253	1.00
168	182	1.00
168	241	1.00
169	210	1.00
169	270	1.00
170	204	1.00
170	225	1.00
171	252	1.00
175	196	1.00
176	249	1.00
177	192	1.00
179	268	1.00
179	227	1.00
180	181	1.00
180	250	1.00
181	230	1.00
182	222	1.00
183	196	1.00
184	260	1.00
186	195	1.00
187	199	1.00
188	268	1.00
190	206	1.00
191	227	1.00
192	214	1.00
193	244	1.00
193	223	1.00
200	258	1.00
202	203	1.00
204	205	1.00
205	223	1.00
206	247	1.00
207	211	1.00
208	237	1.00
208	220	1.00
209	210	1.00
212	229	1.00
215	235	1.00
215	257	1.00
216	225	1.00
217	267	1.00
217	255	1.00
218	239	1.00
219	231	1.00
221	266	1.00
225	250	1.00
226	235	1.00
230	237	1.00
232	246	1.00
233	239	1.00
234	270	1.00
236	265	1.00
241	243	1.00
244	263	1.00
245	254	1.00
247	263	1.00
259	269	1.00
