272	408
1	136	1.00
1	205	1.00
1	117	1.00
2	55	1.00
2	58	1.00
2	163	1.00
3	59	1.00
3	17	1.00
3	130	1.00
4	139	1.00
4	150	1.00
4	21	1.00
5	197	1.00
5	250	1.00
5	67	1.00
6	258	1.00
6	206	1.00
6	134	1.00
7	71	1.00
7	18	1.00
7	162	1.00
8	179	1.00
8	151	1.00
8	210	1.00
9	36	1.00
9	198	1.00
9	201	1.00
10	27	1.00
10	159	1.00
10	67	1.00
11	251	1.00
11	219	1.00
11	123	1.00
12	135	1.00
12	86	1.00
12	248	1.00
13	57	1.00
13	190	1.00
13	231	1.00
14	265	1.00
14	108	1.00
14	172	1.00
15	229	1.00
15	212	1.00
15	153	1.00
16	91	1.00
16	85	1.00
16	246	1.00
17	267	1.00
17	87	1.00
18	240	1.00
18	243	1.00
19	250	1.00
19	34	1.00
19	170	1.00
20	49	1.00
20	54	1.00
20	207	1.00
21	122	1.00
21	268	1.00
22	70	1.00
22	254	1.00
22	176	1.00
23	173	1.00
23	51	1.00
23	62	1.00
24	247	1.00
24	143	1.00
24	139	1.00
25	96	1.00
25	250	1.00
25	78	1.00
26	96	1.00
26	248	1.00
26	145	1.00
27	161	1.00
27	188	1.00
28	185	1.00
28	168	1.00
28	183	1.00
29	168	1.00
29	241	1.00
29	206	1.00
30	56	1.00
30	116	1.00
30	66	1.00
31	222	1.00
31	245	1.00
31	252	1.00
32	227	1.00
32	110	1.00
32	205	1.00
33	111	1.00
33	183	1.00
33	199	1.00
34	146	1.00
34	99	1.00
35	36	1.00
35	224	1.00
35	262	1.00
36	127	1.00
37	202	1.00
37	90	1.00
37	171	1.00
38	261	1.00
38	242	1.00
38	54	1.00
39	169	1.00
39	180	1.00
39	154	1.00
40	167	1.00
40	272	1.00
40	215	1.00
41	234	1.00
41	167	1.00
41	259	1.00
42	247	1.00
42	254	1.00
42	251	1.00
43	158	1.00
43	117	1.00
43	269	1.00
44	253	1.00
44	157	1.00
44	262	1.00
45	102	1.00
45	214	1.00
45	87	1.00
46	214	1.00
46	123	1.00
46	227	1.00
47	142	1.00
47	267	1.00
47	155	1.00
48	255	1.00
48	109	1.00
48	84	1.00
49	212	1.00
49	124	1.00
50	154	1.00
50	72	1.00
50	163	1.00
51	137	1.00
51	77	1.00
52	138	1.00
52	203	1.00
52	236	1.00
53	173	1.00
53	115	1.00
53	96	1.00
54	94	1.00
55	57	1.00
55	112	1.00
56	234	1.00
56	165	1.00
57	64	1.00
58	108	1.00
58	264	1.00
59	79	1.00
59	229	1.00
60	89	1.00
60	125	1.00
60	158	1.00
61	231	1.00
61	65	1.00
61	165	1.00
62	258	1.00
62	63	1.00
63	207	1.00
63	199	1.00
64	194	1.00
64	104	1.00
65	71	1.00
65	94	1.00
66	200	1.00
66	226	1.00
67	140	1.00
68	251	1.00
68	172	1.00
68	270	1.00
69	160	1.00
69	147	1.00
69	186	1.00
70	147	1.00
70	94	1.00
71	228	1.00
72	76	1.00
72	115	1.00
73	74	1.00
73	89	1.00
73	151	1.00
74	211	1.00
74	238	1.00
75	198	1.00
75	114	1.00
75	230	1.00
76	263	1.00
76	129	1.00
77	234	1.00
77	113	1.00
78	85	1.00
78	132	1.00
79	228	1.00
79	196	1.00
80	144	1.00
80	100	1.00
80	162	1.00
81	194	1.00
81	218	1.00
81	100	1.00
82	214	1.00
82	142	1.00
82	106	1.00
83	187	1.00
83	217	1.00
83	150	1.00
84	240	1.00
84	193	1.00
85	204	1.00
86	226	1.00
86	193	1.00
87	266	1.00
88	170	1.00
88	237	1.00
88	127	1.00
89	121	1.00
90	92	1.00
90	157	1.00
91	174	1.00
91	255	1.00
92	163	1.00
92	142	1.00
93	141	1.00
93	128	1.00
93	266	1.00
95	178	1.00
95	235	1.00
95	174	1.00
97	105	1.00
97	101	1.00
97	180	1.00
98	145	1.00
98	139	1.00
98	266	1.00
99	186	1.00
99	132	1.00
100	148	1.00
101	152	1.00
101	145	1.00
102	194	1.00
102	178	1.00
103	223	1.00
103	112	1.00
103	164	1.00
104	126	1.00
104	136	1.00
105	233	1.00
105	131	1.00
106	174	1.00
106	114	1.00
107	109	1.00
107	119	1.00
107	221	1.00
108	243	1.00
109	210	1.00
110	161	1.00
110	186	1.00
111	199	1.00
111	116	1.00
112	212	1.00
113	229	1.00
113	135	1.00
114	128	1.00
115	130	1.00
116	129	1.00
117	220	1.00
118	216	1.00
118	181	1.00
118	196	1.00
119	239	1.00
119	121	1.00
120	260	1.00
120	240	1.00
120	123	1.00
121	175	1.00
122	249	1.00
122	195	1.00
124	216	1.00
124	225	1.00
125	244	1.00
125	255	1.00
126	253	1.00
126	202	1.00
127	144	1.00
128	241	1.00
129	159	1.00
130	271	1.00
131	208	1.00
131	261	1.00
132	160	1.00
133	253	1.00
133	195	1.00
133	193	1.00
134	254	1.00
134	152	1.00
135	272	1.00
136	269	1.00
137	213	1.00
137	153	1.00
138	224	1.00
138	168	1.00
140	203	1.00
140	208	1.00
141	208	1.00
141	204	1.00
143	226	1.00
143	256	1.00
144	231	1.00
146	264	1.00
146	166	1.00
147	268	1.00
148	171	1.00
148	209	1.00
149	184	1.00
149	201	1.00
149	211	1.00
150	203	1.00
151	197	1.00
152	159	1.00
153	207	1.00
154	200	1.00
155	219	1.00
155	184	1.00
156	190	1.00
156	236	1.00
156	225	1.00
157	267	1.00
158	181	1.00
160	180	1.00
161	215	1.00
162	189	1.00
164	210	1.00
164	219	1.00
165	211	1.00
166	245	1.00
166	195	1.00
167	188	1.00
169	191	1.00
169	256	1.00
170	272	1.00
171	235	1.00
172	252	1.00
173	221	1.00
175	227	1.00
175	220	1.00
176	177	1.00
176	233	1.00
177	197	1.00
177	232	1.00
178	263	1.00
179	198	1.00
179	271	1.00
181	257	1.00
182	230	1.00
182	185	1.00
182	263	1.00
183	236	1.00
184	218	1.00
185	239	1.00
187	261	1.00
187	189	1.00
188	270	1.00
189	192	1.00
190	257	1.00
191	223	1.00
191	232	1.00
192	209	1.00
192	201	1.00
196	246	1.00
200	260	1.00
202	213	1.00
204	249	1.00
205	206	1.00
209	230	1.00
213	269	1.00
215	244	1.00
216	243	1.00
217	223	1.00
217	249	1.00
218	270	1.00
220	241	1.00
221	268	1.00
222	244	1.00
222	239	1.00
224	238	1.00
225	242	1.00
228	238	1.00
232	242	1.00
233	248	1.00
235	260	1.00
237	256	1.00
237	257	1.00
245	264	1.00
246	259	1.00
247	271	1.00
252	258	1.00
259	265	1.00
262	265	1.00
