274	411
1	40	1.00
1	227	1.00
1	2	1.00
2	235	1.00
2	148	1.00
3	183	1.00
3	23	1.00
3	131	1.00
4	212	1.00
4	136	1.00
4	176	1.00
5	236	1.00
5	127	1.00
5	242	1.00
6	55	1.00
6	138	1.00
6	198	1.00
7	248	1.00
7	157	1.00
7	110	1.00
8	20	1.00
8	160	1.00
8	205	1.00
9	77	1.00
9	191	1.00
9	186	1.00
10	180	1.00
10	63	1.00
10	247	1.00
11	126	1.00
11	270	1.00
11	220	1.00
12	106	1.00
12	216	1.00
12	238	1.00
13	210	1.00
13	143	1.00
13	78	1.00
14	160	1.00
14	65	1.00
14	107	1.00
15	72	1.00
15	198	1.00
15	187	1.00
16	195	1.00
16	167	1.00
16	142	1.00
17	152	1.00
17	72	1.00
17	39	1.00
18	137	1.00
18	253	1.00
18	28	1.00
19	203	1.00
19	192	1.00
19	265	1.00
20	24	1.00
20	113	1.00
21	109	1.00
21	112	1.00
21	240	1.00
22	144	1.00
22	101	1.00
22	218	1.00
23	224	1.00
23	201	1.00
24	53	1.00
24	259	1.00
25	233	1.00
25	108	1.00
25	45	1.00
26	145	1.00
26	206	1.00
26	165	1.00
27	213	1.00
27	144	1.00
27	190	1.00
28	53	1.00
28	226	1.00
29	236	1.00
29	233	1.00
29	156	1.00
30	256	1.00
30	105	1.00
30	166	1.00
31	56	1.00
31	207	1.00
31	88	1.00
32	200	1.00
32	41	1.00
32	35	1.00
33	156	1.00
33	87	1.00
33	174	1.00
34	174	1.00
34	199	1.00
34	146	1.00
35	168	1.00
35	197	1.00
36	51	1.00
36	255	1.00
36	247	1.00
37	113	1.00
37	116	1.00
37	244	1.00
38	196	1.00
38	81	1.00
38	93	1.00
39	164	1.00
39	230	1.00
40	49	1.00
40	188	1.00
41	107	1.00
41	65	1.00
42	44	1.00
42	84	1.00
42	222	1.00
43	44	1.00
43	250	1.00
43	100	1.00
44	165	1.00
45	169	1.00
45	229	1.00
46	136	1.00
46	230	1.00
46	56	1.00
47	139	1.00
47	61	1.00
47	57	1.00
48	196	1.00
48	155	1.00
48	87	1.00
49	58	1.00
49	118	1.00
50	226	1.00
50	91	1.00
50	143	1.00
51	95	1.00
51	85	1.00
52	79	1.00
52	164	1.00
52	238	1.00
53	77	1.00
54	203	1.00
54	66	1.00
54	176	1.00
55	232	1.00
55	228	1.00
56	140	1.00
57	128	1.00
57	182	1.00
58	79	1.00
58	117	1.00
59	170	1.00
59	244	1.00
59	95	1.00
60	171	1.00
60	177	1.00
60	103	1.00
61	250	1.00
61	121	1.00
62	184	1.00
62	258	1.00
62	66	1.00
63	121	1.00
63	107	1.00
64	185	1.00
64	140	1.00
64	211	1.00
65	270	1.00
66	261	1.00
67	203	1.00
67	76	1.00
67	89	1.00
68	217	1.00
68	244	1.00
68	271	1.00
69	258	1.00
69	227	1.00
69	158	1.00
70	239	1.00
70	253	1.00
70	234	1.00
71	202	1.00
71	168	1.00
71	75	1.00
72	92	1.00
73	195	1.00
73	181	1.00
73	100	1.00
74	249	1.00
74	248	1.00
74	243	1.00
75	115	1.00
75	202	1.00
76	134	1.00
76	85	1.00
77	143	1.00
78	145	1.00
78	166	1.00
79	134	1.00
80	111	1.00
80	91	1.00
80	125	1.00
81	211	1.00
81	149	1.00
82	262	1.00
82	186	1.00
82	97	1.00
83	267	1.00
83	255	1.00
83	124	1.00
84	178	1.00
84	104	1.00
85	137	1.00
86	192	1.00
86	272	1.00
86	206	1.00
87	208	1.00
88	104	1.00
88	251	1.00
89	139	1.00
89	114	1.00
90	247	1.00
90	255	1.00
90	150	1.00
91	221	1.00
92	94	1.00
92	265	1.00
93	267	1.00
93	180	1.00
94	117	1.00
94	249	1.00
95	173	1.00
96	129	1.00
96	123	1.00
96	130	1.00
97	118	1.00
97	205	1.00
98	187	1.00
98	159	1.00
98	113	1.00
99	219	1.00
99	137	1.00
99	243	1.00
100	238	1.00
101	132	1.00
101	141	1.00
102	263	1.00
102	131	1.00
102	262	1.00
103	193	1.00
103	194	1.00
104	112	1.00
105	161	1.00
105	156	1.00
106	239	1.00
106	122	1.00
108	135	1.00
108	157	1.00
109	183	1.00
109	118	1.00
110	185	1.00
110	269	1.00
111	234	1.00
111	150	1.00
112	252	1.00
114	239	1.00
114	164	1.00
115	175	1.00
115	142	1.00
116	184	1.00
116	120	1.00
117	254	1.00
119	251	1.00
119	265	1.00
119	122	1.00
120	200	1.00
120	147	1.00
121	240	1.00
122	208	1.00
123	204	1.00
123	189	1.00
124	178	1.00
124	170	1.00
125	224	1.00
125	230	1.00
126	133	1.00
126	187	1.00
127	186	1.00
127	155	1.00
128	162	1.00
128	207	1.00
129	160	1.00
129	207	1.00
130	215	1.00
130	161	1.00
131	157	1.00
132	245	1.00
132	153	1.00
133	263	1.00
133	236	1.00
134	141	1.00
135	175	1.00
135	214	1.00
136	192	1.00
138	271	1.00
138	268	1.00
139	254	1.00
140	240	1.00
141	272	1.00
142	155	1.00
144	146	1.00
145	199	1.00
146	210	1.00
147	229	1.00
147	208	1.00
148	237	1.00
148	263	1.00
149	221	1.00
149	266	1.00
150	154	1.00
151	158	1.00
151	227	1.00
151	237	1.00
152	268	1.00
152	190	1.00
153	259	1.00
153	246	1.00
154	241	1.00
154	225	1.00
158	218	1.00
159	216	1.00
159	172	1.00
161	213	1.00
162	261	1.00
162	269	1.00
163	274	1.00
163	196	1.00
163	179	1.00
165	175	1.00
166	182	1.00
167	193	1.00
167	274	1.00
168	213	1.00
169	258	1.00
169	195	1.00
170	201	1.00
171	190	1.00
171	273	1.00
172	181	1.00
172	204	1.00
173	257	1.00
173	215	1.00
174	224	1.00
176	264	1.00
177	250	1.00
177	243	1.00
178	210	1.00
179	267	1.00
179	194	1.00
180	185	1.00
181	220	1.00
182	246	1.00
183	206	1.00
184	233	1.00
188	212	1.00
188	273	1.00
189	209	1.00
189	226	1.00
191	231	1.00
191	204	1.00
193	214	1.00
194	222	1.00
197	198	1.00
197	221	1.00
199	252	1.00
200	252	1.00
201	220	1.00
202	264	1.00
205	225	1.00
209	223	1.00
209	245	1.00
211	232	1.00
212	232	1.00
214	249	1.00
215	272	1.00
216	246	1.00
217	245	1.00
217	237	1.00
218	231	1.00
219	259	1.00
219	242	1.00
222	253	1.00
223	256	1.00
223	229	1.00
225	257	1.00
228	266	1.00
228	248	1.00
231	235	1.00
234	256	1.00
235	274	1.00
241	260	1.00
241	242	1.00
251	260	1.00
254	257	1.00
260	270	1.00
261	262	1.00
264	266	1.00
268	273	1.00
269	271	1.00
