278	417
1	128	1.00
1	270	1.00
1	95	1.00
2	241	1.00
2	263	1.00
2	92	1.00
3	151	1.00
3	255	1.00
3	38	1.00
4	237	1.00
4	6	1.00
4	234	1.00
5	194	1.00
5	148	1.00
5	244	1.00
6	196	1.00
6	213	1.00
7	140	1.00
7	249	1.00
7	186	1.00
8	70	1.00
8	97	1.00
8	58	1.00
9	152	1.00
9	207	1.00
9	87	1.00
10	265	1.00
10	107	1.00
10	277	1.00
11	166	1.00
11	190	1.00
11	223	1.00
12	160	1.00
12	149	1.00
12	222	1.00
13	209	1.00
13	274	1.00
13	257	1.00
14	256	1.00
14	266	1.00
14	188	1.00
15	146	1.00
15	164	1.00
15	165	1.00
16	245	1.00
16	224	1.00
16	186	1.00
17	24	1.00
17	219	1.00
17	143	1.00
18	181	1.00
18	271	1.00
18	130	1.00
19	34	1.00
19	199	1.00
19	147	1.00
20	94	1.00
20	220	1.00
20	133	1.00
21	254	1.00
21	136	1.00
21	60	1.00
22	243	1.00
22	123	1.00
22	129	1.00
23	73	1.00
23	68	1.00
23	241	1.00
24	220	1.00
24	165	1.00
25	60	1.00
25	26	1.00
25	221	1.00
26	243	1.00
26	203	1.00
27	78	1.00
27	89	1.00
27	155	1.00
28	188	1.00
28	39	1.00
28	231	1.00
29	80	1.00
29	50	1.00
29	91	1.00
30	268	1.00
30	250	1.00
30	35	1.00
31	204	1.00
31	276	1.00
31	111	1.00
32	208	1.00
32	65	1.00
32	142	1.00
33	178	1.00
33	253	1.00
33	140	1.00
34	68	1.00
34	124	1.00
35	45	1.00
35	131	1.00
36	126	1.00
36	247	1.00
36	214	1.00
37	222	1.00
37	269	1.00
37	229	1.00
38	241	1.00
38	185	1.00
39	266	1.00
39	63	1.00
40	98	1.00
40	261	1.00
40	84	1.00
41	159	1.00
41	237	1.00
41	57	1.00
42	267	1.00
42	67	1.00
42	156	1.00
43	114	1.00
43	259	1.00
43	234	1.00
44	212	1.00
44	249	1.00
44	74	1.00
45	72	1.00
45	269	1.00
46	108	1.00
46	144	1.00
46	126	1.00
47	91	1.00
47	248	1.00
47	118	1.00
48	97	1.00
48	120	1.00
48	267	1.00
49	94	1.00
49	231	1.00
49	223	1.00
50	125	1.00
50	90	1.00
51	151	1.00
51	89	1.00
51	76	1.00
52	119	1.00
52	225	1.00
52	72	1.00
53	157	1.00
53	274	1.00
53	272	1.00
54	251	1.00
54	200	1.00
54	96	1.00
55	149	1.00
55	114	1.00
55	244	1.00
56	207	1.00
56	197	1.00
56	272	1.00
57	166	1.00
57	182	1.00
58	191	1.00
58	246	1.00
59	101	1.00
59	112	1.00
59	202	1.00
60	180	1.00
61	178	1.00
61	144	1.00
61	164	1.00
62	64	1.00
62	251	1.00
62	76	1.00
63	128	1.00
63	163	1.00
64	82	1.00
64	268	1.00
65	237	1.00
65	259	1.00
66	156	1.00
66	238	1.00
66	154	1.00
67	164	1.00
67	147	1.00
68	153	1.00
69	211	1.00
69	117	1.00
69	162	1.00
70	103	1.00
70	93	1.00
71	139	1.00
71	213	1.00
71	150	1.00
72	161	1.00
73	204	1.00
73	91	1.00
74	247	1.00
74	191	1.00
75	85	1.00
75	263	1.00
75	100	1.00
76	102	1.00
77	194	1.00
77	256	1.00
77	192	1.00
78	123	1.00
78	109	1.00
79	112	1.00
79	204	1.00
79	230	1.00
80	278	1.00
80	258	1.00
81	267	1.00
81	134	1.00
81	136	1.00
82	181	1.00
82	270	1.00
83	222	1.00
83	258	1.00
83	186	1.00
84	95	1.00
84	217	1.00
85	151	1.00
85	235	1.00
86	266	1.00
86	158	1.00
86	120	1.00
87	141	1.00
87	155	1.00
88	124	1.00
88	252	1.00
88	272	1.00
89	115	1.00
90	253	1.00
90	262	1.00
92	144	1.00
92	275	1.00
93	206	1.00
93	264	1.00
94	244	1.00
95	260	1.00
96	276	1.00
96	133	1.00
97	223	1.00
98	170	1.00
98	193	1.00
99	240	1.00
99	100	1.00
99	260	1.00
100	189	1.00
101	236	1.00
101	195	1.00
102	108	1.00
102	110	1.00
103	225	1.00
103	224	1.00
104	247	1.00
104	227	1.00
104	173	1.00
105	271	1.00
105	217	1.00
105	170	1.00
106	236	1.00
106	138	1.00
106	221	1.00
107	198	1.00
107	213	1.00
108	153	1.00
109	228	1.00
109	118	1.00
110	277	1.00
110	230	1.00
111	116	1.00
111	257	1.00
112	203	1.00
113	187	1.00
113	145	1.00
113	275	1.00
114	127	1.00
115	185	1.00
115	134	1.00
116	245	1.00
116	226	1.00
117	171	1.00
117	177	1.00
118	183	1.00
119	197	1.00
119	150	1.00
120	206	1.00
121	205	1.00
121	161	1.00
121	150	1.00
122	175	1.00
122	218	1.00
122	173	1.00
123	125	1.00
124	235	1.00
125	240	1.00
126	273	1.00
127	169	1.00
127	263	1.00
128	172	1.00
129	179	1.00
129	196	1.00
130	232	1.00
130	138	1.00
131	229	1.00
131	261	1.00
132	177	1.00
132	201	1.00
132	184	1.00
133	162	1.00
134	154	1.00
135	196	1.00
135	228	1.00
135	265	1.00
136	166	1.00
137	232	1.00
137	240	1.00
137	276	1.00
138	238	1.00
139	200	1.00
139	208	1.00
140	149	1.00
141	168	1.00
141	234	1.00
142	183	1.00
142	195	1.00
143	163	1.00
143	168	1.00
145	249	1.00
145	202	1.00
146	192	1.00
146	170	1.00
147	236	1.00
148	159	1.00
148	219	1.00
152	260	1.00
152	168	1.00
153	205	1.00
154	183	1.00
155	175	1.00
156	232	1.00
157	182	1.00
157	167	1.00
158	172	1.00
158	197	1.00
159	273	1.00
160	255	1.00
160	207	1.00
161	206	1.00
162	198	1.00
163	226	1.00
165	193	1.00
167	239	1.00
167	190	1.00
169	184	1.00
169	233	1.00
171	195	1.00
171	273	1.00
172	215	1.00
173	178	1.00
174	219	1.00
174	251	1.00
174	252	1.00
175	180	1.00
176	257	1.00
176	227	1.00
176	275	1.00
177	269	1.00
179	184	1.00
179	243	1.00
180	278	1.00
181	187	1.00
182	256	1.00
185	216	1.00
187	211	1.00
188	199	1.00
189	203	1.00
189	250	1.00
190	259	1.00
191	250	1.00
192	209	1.00
193	231	1.00
194	239	1.00
198	212	1.00
199	238	1.00
200	271	1.00
201	242	1.00
201	268	1.00
202	226	1.00
205	264	1.00
208	262	1.00
209	214	1.00
210	270	1.00
210	218	1.00
210	228	1.00
211	248	1.00
212	246	1.00
214	216	1.00
215	258	1.00
215	261	1.00
216	262	1.00
217	242	1.00
218	235	1.00
220	245	1.00
221	246	1.00
224	242	1.00
225	253	1.00
227	277	1.00
229	239	1.00
230	248	1.00
233	255	1.00
233	254	1.00
252	274	1.00
254	278	1.00
264	265	1.00
