280	420
1	75	1.00
1	53	1.00
1	166	1.00
2	84	1.00
2	198	1.00
2	187	1.00
3	166	1.00
3	28	1.00
3	27	1.00
4	26	1.00
4	261	1.00
4	39	1.00
5	229	1.00
5	273	1.00
5	97	1.00
6	22	1.00
6	135	1.00
6	8	1.00
7	182	1.00
7	225	1.00
7	79	1.00
8	211	1.00
8	96	1.00
9	83	1.00
9	86	1.00
9	63	1.00
10	223	1.00
10	83	1.00
10	189	1.00
11	253	1.00
11	67	1.00
11	275	1.00
12	201	1.00
12	108	1.00
12	147	1.00
13	246	1.00
13	122	1.00
13	209	1.00
14	161	1.00
14	149	1.00
14	113	1.00
15	240	1.00
15	134	1.00
15	257	1.00
16	109	1.00
16	163	1.00
16	212	1.00
17	252	1.00
17	165	1.00
17	120	1.00
18	132	1.00
18	245	1.00
18	223	1.00
19	164	1.00
19	137	1.00
19	31	1.00
20	233	1.00
20	232	1.00
20	208	1.00
21	164	1.00
21	107	1.00
21	262	1.00
22	233	1.00
22	237	1.00
23	110	1.00
23	149	1.00
23	41	1.00
24	142	1.00
24	95	1.00
24	143	1.00
25	180	1.00
25	168	1.00
25	41	1.00
26	248	1.00
26	276	1.00
27	107	1.00
27	45	1.00
28	76	1.00
28	102	1.00
29	219	1.00
29	218	1.00
29	199	1.00
30	82	1.00
30	188	1.00
30	230	1.00
31	280	1.00
31	169	1.00
32	57	1.00
32	228	1.00
32	89	1.00
33	104	1.00
33	256	1.00
33	50	1.00
34	216	1.00
34	56	1.00
34	109	1.00
35	118	1.00
35	115	1.00
35	176	1.00
36	121	1.00
36	277	1.00
36	95	1.00
37	123	1.00
37	279	1.00
37	146	1.00
38	191	1.00
38	159	1.00
38	210	1.00
39	152	1.00
39	270	1.00
40	247	1.00
40	215	1.00
40	83	1.00
41	150	1.00
42	162	1.00
42	238	1.00
42	227	1.00
43	85	1.00
43	154	1.00
43	193	1.00
44	59	1.00
44	243	1.00
44	194	1.00
45	214	1.00
45	60	1.00
46	262	1.00
46	192	1.00
46	201	1.00
47	74	1.00
47	249	1.00
47	180	1.00
48	278	1.00
48	260	1.00
48	88	1.00
49	227	1.00
49	156	1.00
49	77	1.00
50	225	1.00
50	55	1.00
51	116	1.00
51	80	1.00
51	206	1.00
52	280	1.00
52	205	1.00
52	236	1.00
53	244	1.00
53	141	1.00
54	89	1.00
54	266	1.00
54	190	1.00
55	192	1.00
55	86	1.00
56	144	1.00
56	190	1.00
57	126	1.00
57	196	1.00
58	176	1.00
58	207	1.00
58	254	1.00
59	157	1.00
59	112	1.00
60	272	1.00
60	124	1.00
61	88	1.00
61	211	1.00
61	154	1.00
62	276	1.00
62	264	1.00
62	251	1.00
63	235	1.00
63	256	1.00
64	117	1.00
64	272	1.00
64	108	1.00
65	196	1.00
65	259	1.00
65	71	1.00
66	135	1.00
66	231	1.00
66	94	1.00
67	277	1.00
67	271	1.00
68	101	1.00
68	196	1.00
68	145	1.00
69	241	1.00
69	185	1.00
69	262	1.00
70	249	1.00
70	234	1.00
70	271	1.00
71	207	1.00
71	260	1.00
72	115	1.00
72	152	1.00
72	74	1.00
73	263	1.00
73	254	1.00
73	208	1.00
74	179	1.00
75	273	1.00
75	271	1.00
76	87	1.00
76	167	1.00
77	174	1.00
77	212	1.00
78	267	1.00
78	204	1.00
78	195	1.00
79	147	1.00
79	138	1.00
80	237	1.00
80	102	1.00
81	86	1.00
81	174	1.00
81	267	1.00
82	155	1.00
82	178	1.00
84	93	1.00
84	258	1.00
85	246	1.00
85	186	1.00
87	133	1.00
87	231	1.00
88	279	1.00
89	190	1.00
90	240	1.00
90	111	1.00
90	239	1.00
91	178	1.00
91	228	1.00
91	142	1.00
92	149	1.00
92	173	1.00
92	238	1.00
93	139	1.00
93	134	1.00
94	127	1.00
94	137	1.00
95	130	1.00
96	184	1.00
96	116	1.00
97	188	1.00
97	153	1.00
98	272	1.00
98	106	1.00
98	129	1.00
99	184	1.00
99	197	1.00
99	193	1.00
100	188	1.00
100	147	1.00
100	157	1.00
101	155	1.00
101	151	1.00
102	125	1.00
103	162	1.00
103	210	1.00
103	224	1.00
104	162	1.00
104	195	1.00
105	261	1.00
105	177	1.00
105	126	1.00
106	243	1.00
106	134	1.00
107	228	1.00
108	250	1.00
109	264	1.00
110	167	1.00
110	132	1.00
111	151	1.00
111	202	1.00
112	242	1.00
112	159	1.00
113	270	1.00
113	206	1.00
114	211	1.00
114	232	1.00
114	169	1.00
115	203	1.00
116	242	1.00
117	189	1.00
117	269	1.00
118	179	1.00
118	238	1.00
119	217	1.00
119	226	1.00
119	148	1.00
120	145	1.00
120	266	1.00
121	242	1.00
121	265	1.00
122	277	1.00
122	256	1.00
123	151	1.00
123	133	1.00
124	133	1.00
124	181	1.00
125	230	1.00
125	268	1.00
126	181	1.00
127	213	1.00
127	234	1.00
128	236	1.00
128	240	1.00
128	247	1.00
129	140	1.00
129	280	1.00
130	250	1.00
130	148	1.00
131	265	1.00
131	194	1.00
131	263	1.00
132	274	1.00
135	251	1.00
136	168	1.00
136	251	1.00
136	150	1.00
137	199	1.00
138	215	1.00
138	183	1.00
139	275	1.00
139	278	1.00
140	154	1.00
140	254	1.00
141	261	1.00
141	274	1.00
142	183	1.00
143	148	1.00
143	202	1.00
144	222	1.00
144	146	1.00
145	180	1.00
146	177	1.00
150	275	1.00
152	219	1.00
153	218	1.00
153	223	1.00
155	204	1.00
156	276	1.00
156	189	1.00
157	173	1.00
158	225	1.00
158	247	1.00
158	268	1.00
159	221	1.00
160	182	1.00
160	173	1.00
160	245	1.00
161	200	1.00
161	209	1.00
163	185	1.00
163	207	1.00
164	270	1.00
165	171	1.00
165	230	1.00
166	171	1.00
167	255	1.00
168	258	1.00
169	200	1.00
170	220	1.00
170	186	1.00
170	187	1.00
171	222	1.00
172	216	1.00
172	213	1.00
172	214	1.00
174	203	1.00
175	278	1.00
175	263	1.00
175	274	1.00
176	253	1.00
177	269	1.00
178	217	1.00
179	246	1.00
181	224	1.00
182	201	1.00
183	250	1.00
184	217	1.00
185	235	1.00
186	233	1.00
187	204	1.00
191	266	1.00
191	255	1.00
192	264	1.00
193	265	1.00
194	199	1.00
195	205	1.00
197	252	1.00
197	215	1.00
198	224	1.00
198	227	1.00
200	202	1.00
203	212	1.00
205	241	1.00
206	232	1.00
208	245	1.00
209	273	1.00
210	239	1.00
213	216	1.00
214	248	1.00
218	249	1.00
219	267	1.00
220	226	1.00
220	257	1.00
221	236	1.00
221	257	1.00
222	253	1.00
226	252	1.00
229	258	1.00
229	248	1.00
231	255	1.00
234	260	1.00
235	268	1.00
237	239	1.00
241	244	1.00
243	259	1.00
244	269	1.00
259	279	1.00
