282	423
1	38	1.00
1	65	1.00
1	174	1.00
2	42	1.00
2	168	1.00
2	93	1.00
3	215	1.00
3	263	1.00
3	139	1.00
4	153	1.00
4	7	1.00
4	233	1.00
5	198	1.00
5	75	1.00
5	240	1.00
6	206	1.00
6	268	1.00
6	9	1.00
7	213	1.00
7	169	1.00
8	33	1.00
8	111	1.00
8	24	1.00
9	20	1.00
9	265	1.00
10	123	1.00
10	75	1.00
10	107	1.00
11	192	1.00
11	234	1.00
11	174	1.00
12	153	1.00
12	71	1.00
12	23	1.00
13	222	1.00
13	63	1.00
13	90	1.00
14	197	1.00
14	227	1.00
14	223	1.00
15	245	1.00
15	145	1.00
15	212	1.00
16	270	1.00
16	74	1.00
16	125	1.00
17	141	1.00
17	129	1.00
17	159	1.00
18	192	1.00
18	203	1.00
18	188	1.00
19	274	1.00
19	83	1.00
19	171	1.00
20	79	1.00
20	211	1.00
21	152	1.00
21	119	1.00
21	59	1.00
22	54	1.00
22	76	1.00
22	223	1.00
23	199	1.00
23	166	1.00
24	115	1.00
24	25	1.00
25	175	1.00
25	273	1.00
26	106	1.00
26	242	1.00
26	71	1.00
27	92	1.00
27	80	1.00
27	225	1.00
28	145	1.00
28	114	1.00
28	228	1.00
29	214	1.00
29	159	1.00
29	130	1.00
30	274	1.00
30	262	1.00
30	155	1.00
31	267	1.00
31	105	1.00
31	170	1.00
32	91	1.00
32	203	1.00
32	131	1.00
33	250	1.00
33	140	1.00
34	169	1.00
34	195	1.00
34	105	1.00
35	202	1.00
35	165	1.00
35	135	1.00
36	147	1.00
36	257	1.00
36	170	1.00
37	251	1.00
37	223	1.00
37	254	1.00
38	189	1.00
38	200	1.00
39	108	1.00
39	228	1.00
39	152	1.00
40	66	1.00
40	189	1.00
40	226	1.00
41	246	1.00
41	43	1.00
41	55	1.00
42	164	1.00
42	189	1.00
43	48	1.00
43	141	1.00
44	255	1.00
44	158	1.00
44	146	1.00
45	91	1.00
45	52	1.00
45	250	1.00
46	204	1.00
46	120	1.00
46	191	1.00
47	280	1.00
47	185	1.00
47	193	1.00
48	138	1.00
48	145	1.00
49	90	1.00
49	225	1.00
49	182	1.00
50	208	1.00
50	125	1.00
50	266	1.00
51	279	1.00
51	195	1.00
51	278	1.00
52	72	1.00
52	236	1.00
53	59	1.00
53	78	1.00
53	209	1.00
54	103	1.00
54	205	1.00
55	178	1.00
55	174	1.00
56	232	1.00
56	173	1.00
56	206	1.00
57	94	1.00
57	63	1.00
57	113	1.00
58	99	1.00
58	130	1.00
58	268	1.00
59	251	1.00
60	136	1.00
60	211	1.00
60	96	1.00
61	154	1.00
61	102	1.00
61	96	1.00
62	143	1.00
62	205	1.00
62	264	1.00
63	224	1.00
64	204	1.00
64	278	1.00
64	276	1.00
65	117	1.00
65	273	1.00
66	249	1.00
66	134	1.00
67	120	1.00
67	268	1.00
67	93	1.00
68	220	1.00
68	257	1.00
68	229	1.00
69	259	1.00
69	227	1.00
69	185	1.00
70	119	1.00
70	156	1.00
70	108	1.00
71	176	1.00
72	186	1.00
72	163	1.00
73	89	1.00
73	93	1.00
73	109	1.00
74	183	1.00
74	146	1.00
75	156	1.00
76	185	1.00
76	149	1.00
77	178	1.00
77	230	1.00
77	105	1.00
78	230	1.00
78	207	1.00
79	118	1.00
79	150	1.00
80	151	1.00
80	81	1.00
81	178	1.00
81	107	1.00
82	246	1.00
82	253	1.00
82	191	1.00
83	240	1.00
83	144	1.00
84	90	1.00
84	121	1.00
84	194	1.00
85	147	1.00
85	238	1.00
85	186	1.00
86	277	1.00
86	141	1.00
86	200	1.00
87	246	1.00
87	217	1.00
87	126	1.00
88	212	1.00
88	254	1.00
88	269	1.00
89	108	1.00
89	190	1.00
91	206	1.00
92	202	1.00
92	281	1.00
94	138	1.00
94	280	1.00
95	103	1.00
95	198	1.00
95	151	1.00
96	139	1.00
97	214	1.00
97	166	1.00
97	266	1.00
98	172	1.00
98	130	1.00
98	271	1.00
99	240	1.00
99	136	1.00
100	204	1.00
100	239	1.00
100	260	1.00
101	149	1.00
101	221	1.00
101	273	1.00
102	250	1.00
102	167	1.00
103	142	1.00
104	187	1.00
104	143	1.00
104	112	1.00
106	215	1.00
106	127	1.00
107	176	1.00
109	231	1.00
109	140	1.00
110	172	1.00
110	249	1.00
110	135	1.00
111	179	1.00
111	165	1.00
112	216	1.00
112	133	1.00
113	281	1.00
113	263	1.00
114	180	1.00
114	132	1.00
115	205	1.00
115	261	1.00
116	275	1.00
116	277	1.00
116	122	1.00
117	203	1.00
117	198	1.00
118	233	1.00
118	126	1.00
119	156	1.00
120	148	1.00
121	173	1.00
121	168	1.00
122	276	1.00
122	277	1.00
123	224	1.00
123	215	1.00
124	132	1.00
124	134	1.00
124	216	1.00
125	209	1.00
126	235	1.00
127	210	1.00
127	172	1.00
128	248	1.00
128	197	1.00
128	194	1.00
129	210	1.00
129	253	1.00
131	155	1.00
131	199	1.00
132	247	1.00
133	235	1.00
133	228	1.00
134	194	1.00
135	162	1.00
136	251	1.00
137	162	1.00
137	281	1.00
137	170	1.00
138	244	1.00
139	241	1.00
140	260	1.00
142	275	1.00
142	144	1.00
143	173	1.00
144	208	1.00
146	241	1.00
147	237	1.00
148	245	1.00
148	207	1.00
149	213	1.00
150	220	1.00
150	247	1.00
151	160	1.00
152	256	1.00
153	184	1.00
154	175	1.00
154	200	1.00
155	263	1.00
157	162	1.00
157	221	1.00
157	179	1.00
158	261	1.00
158	272	1.00
159	248	1.00
160	243	1.00
160	183	1.00
161	239	1.00
161	191	1.00
161	272	1.00
163	164	1.00
163	219	1.00
164	218	1.00
165	184	1.00
166	214	1.00
167	219	1.00
167	265	1.00
168	179	1.00
169	272	1.00
171	188	1.00
171	279	1.00
175	274	1.00
176	242	1.00
177	237	1.00
177	264	1.00
177	190	1.00
180	182	1.00
180	259	1.00
181	201	1.00
181	197	1.00
181	239	1.00
182	201	1.00
183	218	1.00
184	219	1.00
186	238	1.00
187	208	1.00
187	217	1.00
188	192	1.00
190	237	1.00
193	258	1.00
193	196	1.00
195	243	1.00
196	270	1.00
196	253	1.00
199	207	1.00
201	282	1.00
202	258	1.00
209	278	1.00
210	234	1.00
211	245	1.00
212	256	1.00
213	254	1.00
216	226	1.00
217	218	1.00
220	255	1.00
221	280	1.00
222	232	1.00
222	275	1.00
224	235	1.00
225	244	1.00
226	229	1.00
227	271	1.00
229	265	1.00
230	266	1.00
231	252	1.00
231	269	1.00
232	243	1.00
233	256	1.00
234	276	1.00
236	238	1.00
236	241	1.00
242	260	1.00
244	282	1.00
247	267	1.00
248	255	1.00
249	258	1.00
252	279	1.00
252	269	1.00
257	262	1.00
259	262	1.00
261	282	1.00
264	271	1.00
267	270	1.00
