288	432
1	115	1.00
1	219	1.00
1	229	1.00
2	175	1.00
2	21	1.00
2	33	1.00
3	209	1.00
3	147	1.00
3	118	1.00
4	187	1.00
4	12	1.00
4	183	1.00
5	159	1.00
5	255	1.00
5	206	1.00
6	62	1.00
6	278	1.00
6	157	1.00
7	254	1.00
7	32	1.00
7	111	1.00
8	181	1.00
8	79	1.00
8	199	1.00
9	258	1.00
9	203	1.00
9	263	1.00
10	237	1.00
10	172	1.00
10	200	1.00
11	250	1.00
11	41	1.00
11	221	1.00
12	44	1.00
12	33	1.00
13	279	1.00
13	94	1.00
13	65	1.00
14	155	1.00
14	103	1.00
14	120	1.00
15	161	1.00
15	197	1.00
15	204	1.00
16	169	1.00
16	78	1.00
16	251	1.00
17	165	1.00
17	136	1.00
17	236	1.00
18	194	1.00
18	193	1.00
18	158	1.00
19	139	1.00
19	141	1.00
19	220	1.00
20	77	1.00
20	217	1.00
20	244	1.00
21	73	1.00
21	100	1.00
22	43	1.00
22	138	1.00
22	283	1.00
23	34	1.00
23	87	1.00
23	188	1.00
24	97	1.00
24	259	1.00
24	251	1.00
25	118	1.00
25	119	1.00
25	66	1.00
26	173	1.00
26	222	1.00
26	111	1.00
27	144	1.00
27	232	1.00
27	274	1.00
28	223	1.00
28	203	1.00
28	130	1.00
29	104	1.00
29	187	1.00
29	262	1.00
30	158	1.00
30	195	1.00
30	192	1.00
31	67	1.00
31	198	1.00
31	106	1.00
32	178	1.00
32	192	1.00
33	131	1.00
34	195	1.00
34	113	1.00
35	151	1.00
35	273	1.00
35	65	1.00
36	123	1.00
36	215	1.00
36	147	1.00
37	112	1.00
37	152	1.00
37	51	1.00
38	224	1.00
38	104	1.00
38	98	1.00
39	185	1.00
39	42	1.00
39	75	1.00
40	59	1.00
40	112	1.00
40	161	1.00
41	210	1.00
41	267	1.00
42	177	1.00
42	95	1.00
43	173	1.00
43	45	1.00
44	219	1.00
44	288	1.00
45	197	1.00
45	226	1.00
46	231	1.00
46	101	1.00
46	273	1.00
47	84	1.00
47	164	1.00
47	160	1.00
48	140	1.00
48	208	1.00
48	243	1.00
49	191	1.00
49	184	1.00
49	162	1.00
50	152	1.00
50	64	1.00
50	90	1.00
51	64	1.00
51	218	1.00
52	70	1.00
52	125	1.00
52	256	1.00
53	204	1.00
53	258	1.00
53	282	1.00
54	81	1.00
54	98	1.00
54	195	1.00
55	168	1.00
55	267	1.00
55	59	1.00
56	189	1.00
56	137	1.00
56	146	1.00
57	205	1.00
57	94	1.00
57	92	1.00
58	80	1.00
58	249	1.00
58	96	1.00
59	61	1.00
60	154	1.00
60	186	1.00
60	149	1.00
61	165	1.00
61	270	1.00
62	179	1.00
62	143	1.00
63	148	1.00
63	185	1.00
63	261	1.00
64	276	1.00
65	170	1.00
66	229	1.00
66	117	1.00
67	126	1.00
67	248	1.00
68	183	1.00
68	92	1.00
68	222	1.00
69	70	1.00
69	220	1.00
69	278	1.00
70	90	1.00
71	96	1.00
71	126	1.00
71	186	1.00
72	114	1.00
72	131	1.00
72	193	1.00
73	204	1.00
73	279	1.00
74	130	1.00
74	272	1.00
74	184	1.00
75	83	1.00
75	107	1.00
76	93	1.00
76	123	1.00
76	264	1.00
77	166	1.00
77	164	1.00
78	253	1.00
78	126	1.00
79	176	1.00
79	210	1.00
80	133	1.00
80	86	1.00
81	159	1.00
81	109	1.00
82	132	1.00
82	153	1.00
82	245	1.00
83	232	1.00
83	212	1.00
84	140	1.00
84	191	1.00
85	260	1.00
85	114	1.00
85	111	1.00
86	122	1.00
86	96	1.00
87	231	1.00
87	265	1.00
88	226	1.00
88	268	1.00
88	213	1.00
89	247	1.00
89	248	1.00
89	109	1.00
90	253	1.00
91	182	1.00
91	202	1.00
91	221	1.00
92	169	1.00
93	124	1.00
93	240	1.00
94	183	1.00
95	107	1.00
95	239	1.00
97	275	1.00
97	110	1.00
98	163	1.00
99	176	1.00
99	263	1.00
99	157	1.00
100	150	1.00
100	101	1.00
101	123	1.00
102	246	1.00
102	214	1.00
102	180	1.00
103	145	1.00
103	284	1.00
104	231	1.00
105	270	1.00
105	278	1.00
105	172	1.00
106	151	1.00
106	181	1.00
107	218	1.00
108	275	1.00
108	232	1.00
108	230	1.00
109	120	1.00
110	237	1.00
110	186	1.00
112	268	1.00
113	182	1.00
113	146	1.00
114	251	1.00
115	212	1.00
115	257	1.00
116	163	1.00
116	269	1.00
116	284	1.00
117	133	1.00
117	185	1.00
118	235	1.00
119	128	1.00
119	255	1.00
120	163	1.00
121	158	1.00
121	162	1.00
121	227	1.00
122	161	1.00
122	208	1.00
124	150	1.00
124	266	1.00
125	256	1.00
125	175	1.00
127	174	1.00
127	276	1.00
127	288	1.00
128	134	1.00
128	144	1.00
129	277	1.00
129	262	1.00
129	271	1.00
130	135	1.00
131	164	1.00
132	228	1.00
132	148	1.00
133	230	1.00
134	214	1.00
134	166	1.00
135	155	1.00
135	201	1.00
136	197	1.00
136	242	1.00
137	234	1.00
137	221	1.00
138	209	1.00
138	144	1.00
139	150	1.00
139	227	1.00
140	223	1.00
141	174	1.00
141	256	1.00
142	179	1.00
142	182	1.00
142	243	1.00
143	249	1.00
143	264	1.00
145	239	1.00
145	184	1.00
146	192	1.00
147	224	1.00
148	260	1.00
149	253	1.00
149	224	1.00
151	157	1.00
152	209	1.00
153	154	1.00
153	242	1.00
154	255	1.00
155	168	1.00
156	277	1.00
156	216	1.00
156	160	1.00
159	191	1.00
160	201	1.00
162	207	1.00
165	249	1.00
166	210	1.00
167	248	1.00
167	225	1.00
167	193	1.00
168	199	1.00
169	272	1.00
170	222	1.00
170	218	1.00
171	233	1.00
171	266	1.00
171	282	1.00
172	269	1.00
173	254	1.00
174	196	1.00
175	200	1.00
176	233	1.00
177	179	1.00
177	250	1.00
178	205	1.00
178	236	1.00
180	245	1.00
180	206	1.00
181	228	1.00
187	257	1.00
188	281	1.00
188	194	1.00
189	234	1.00
189	190	1.00
190	211	1.00
190	235	1.00
194	282	1.00
196	243	1.00
196	198	1.00
198	280	1.00
199	211	1.00
200	281	1.00
201	252	1.00
202	274	1.00
202	252	1.00
203	247	1.00
205	273	1.00
206	285	1.00
207	284	1.00
207	227	1.00
208	259	1.00
211	268	1.00
212	276	1.00
213	247	1.00
213	216	1.00
214	225	1.00
215	245	1.00
215	246	1.00
216	241	1.00
217	238	1.00
217	259	1.00
219	261	1.00
220	241	1.00
223	242	1.00
225	252	1.00
226	235	1.00
228	257	1.00
229	234	1.00
230	271	1.00
233	269	1.00
236	238	1.00
237	261	1.00
238	277	1.00
239	280	1.00
240	264	1.00
240	266	1.00
241	286	1.00
244	286	1.00
244	274	1.00
246	262	1.00
250	287	1.00
254	265	1.00
258	272	1.00
260	285	1.00
263	271	1.00
265	270	1.00
267	288	1.00
275	287	1.00
279	286	1.00
280	283	1.00
281	285	1.00
283	287	1.00
