294	441
1	110	1.00
1	159	1.00
1	189	1.00
2	112	1.00
2	136	1.00
2	192	1.00
3	118	1.00
3	221	1.00
3	102	1.00
4	255	1.00
4	10	1.00
4	176	1.00
5	140	1.00
5	134	1.00
5	117	1.00
6	27	1.00
6	218	1.00
6	49	1.00
7	99	1.00
7	27	1.00
7	90	1.00
8	203	1.00
8	172	1.00
8	272	1.00
9	60	1.00
9	288	1.00
9	50	1.00
10	58	1.00
10	223	1.00
11	210	1.00
11	111	1.00
11	25	1.00
12	174	1.00
12	152	1.00
12	264	1.00
13	267	1.00
13	131	1.00
13	20	1.00
14	277	1.00
14	121	1.00
14	218	1.00
15	71	1.00
15	191	1.00
15	229	1.00
16	232	1.00
16	82	1.00
16	130	1.00
17	110	1.00
17	234	1.00
17	62	1.00
18	130	1.00
18	94	1.00
18	59	1.00
19	238	1.00
19	275	1.00
19	81	1.00
20	21	1.00
20	150	1.00
21	107	1.00
21	269	1.00
22	152	1.00
22	273	1.00
22	167	1.00
23	165	1.00
23	167	1.00
23	48	1.00
24	94	1.00
24	86	1.00
24	292	1.00
25	232	1.00
25	294	1.00
26	177	1.00
26	260	1.00
26	36	1.00
27	113	1.00
28	167	1.00
28	90	1.00
28	227	1.00
29	204	1.00
29	184	1.00
29	126	1.00
30	193	1.00
30	57	1.00
30	141	1.00
31	213	1.00
31	141	1.00
31	234	1.00
32	105	1.00
32	171	1.00
32	215	1.00
33	115	1.00
33	235	1.00
33	173	1.00
34	287	1.00
34	252	1.00
34	85	1.00
35	197	1.00
35	104	1.00
35	208	1.00
36	193	1.00
36	263	1.00
37	103	1.00
37	111	1.00
37	140	1.00
38	161	1.00
38	181	1.00
38	219	1.00
39	171	1.00
39	51	1.00
39	200	1.00
40	100	1.00
40	193	1.00
40	113	1.00
41	128	1.00
41	115	1.00
41	162	1.00
42	243	1.00
42	146	1.00
42	145	1.00
43	174	1.00
43	279	1.00
43	211	1.00
44	59	1.00
44	54	1.00
44	78	1.00
45	187	1.00
45	125	1.00
45	82	1.00
46	108	1.00
46	163	1.00
46	231	1.00
47	254	1.00
47	84	1.00
47	149	1.00
48	51	1.00
48	151	1.00
49	86	1.00
49	227	1.00
50	274	1.00
50	96	1.00
51	99	1.00
52	215	1.00
52	265	1.00
52	259	1.00
53	270	1.00
53	77	1.00
53	261	1.00
54	231	1.00
54	293	1.00
55	241	1.00
55	108	1.00
55	294	1.00
56	157	1.00
56	87	1.00
56	188	1.00
57	262	1.00
57	97	1.00
58	110	1.00
58	157	1.00
59	141	1.00
60	137	1.00
60	166	1.00
61	118	1.00
61	103	1.00
61	87	1.00
62	249	1.00
62	91	1.00
63	226	1.00
63	173	1.00
63	211	1.00
64	275	1.00
64	128	1.00
64	273	1.00
65	249	1.00
65	69	1.00
65	245	1.00
66	184	1.00
66	170	1.00
66	265	1.00
67	71	1.00
67	230	1.00
67	268	1.00
68	221	1.00
68	191	1.00
68	156	1.00
69	97	1.00
69	123	1.00
70	153	1.00
70	138	1.00
70	245	1.00
71	203	1.00
72	270	1.00
72	202	1.00
72	149	1.00
73	232	1.00
73	269	1.00
73	93	1.00
74	121	1.00
74	240	1.00
74	133	1.00
75	288	1.00
75	267	1.00
75	289	1.00
76	250	1.00
76	79	1.00
76	216	1.00
77	254	1.00
77	209	1.00
78	259	1.00
78	264	1.00
79	184	1.00
79	229	1.00
80	129	1.00
80	139	1.00
80	261	1.00
81	273	1.00
81	217	1.00
82	155	1.00
83	192	1.00
83	89	1.00
83	212	1.00
84	192	1.00
84	225	1.00
85	206	1.00
85	106	1.00
86	134	1.00
87	161	1.00
88	201	1.00
88	92	1.00
88	236	1.00
89	147	1.00
89	265	1.00
90	290	1.00
91	212	1.00
91	96	1.00
92	143	1.00
92	226	1.00
93	203	1.00
93	239	1.00
94	226	1.00
95	262	1.00
95	268	1.00
95	103	1.00
96	288	1.00
97	207	1.00
98	252	1.00
98	287	1.00
98	263	1.00
99	286	1.00
100	277	1.00
100	152	1.00
101	178	1.00
101	144	1.00
101	149	1.00
102	120	1.00
102	210	1.00
104	256	1.00
104	283	1.00
105	183	1.00
105	118	1.00
106	155	1.00
106	219	1.00
107	196	1.00
107	162	1.00
108	282	1.00
109	194	1.00
109	260	1.00
109	162	1.00
111	170	1.00
112	174	1.00
112	143	1.00
113	220	1.00
114	145	1.00
114	137	1.00
114	164	1.00
115	197	1.00
116	212	1.00
116	286	1.00
116	148	1.00
117	153	1.00
117	182	1.00
119	281	1.00
119	282	1.00
119	123	1.00
120	197	1.00
120	181	1.00
121	142	1.00
122	177	1.00
122	131	1.00
122	217	1.00
123	239	1.00
124	196	1.00
124	220	1.00
124	283	1.00
125	130	1.00
125	279	1.00
126	155	1.00
126	158	1.00
127	165	1.00
127	237	1.00
127	290	1.00
128	289	1.00
129	283	1.00
129	251	1.00
131	180	1.00
132	163	1.00
132	244	1.00
132	243	1.00
133	287	1.00
133	208	1.00
134	264	1.00
135	258	1.00
135	205	1.00
135	278	1.00
136	164	1.00
136	171	1.00
137	186	1.00
138	172	1.00
138	208	1.00
139	280	1.00
139	144	1.00
140	164	1.00
142	292	1.00
142	207	1.00
143	214	1.00
144	281	1.00
145	238	1.00
146	190	1.00
146	293	1.00
147	236	1.00
147	216	1.00
148	214	1.00
148	157	1.00
150	169	1.00
150	189	1.00
151	257	1.00
151	247	1.00
153	156	1.00
154	222	1.00
154	190	1.00
154	175	1.00
156	189	1.00
158	200	1.00
158	168	1.00
159	257	1.00
159	224	1.00
160	195	1.00
160	180	1.00
160	179	1.00
161	266	1.00
163	289	1.00
165	276	1.00
166	242	1.00
166	188	1.00
168	185	1.00
168	196	1.00
169	179	1.00
169	210	1.00
170	205	1.00
172	198	1.00
173	230	1.00
175	185	1.00
175	186	1.00
176	242	1.00
176	229	1.00
177	237	1.00
178	241	1.00
178	284	1.00
179	187	1.00
180	247	1.00
181	204	1.00
182	274	1.00
182	253	1.00
183	256	1.00
183	246	1.00
185	276	1.00
186	292	1.00
187	216	1.00
188	211	1.00
190	291	1.00
191	271	1.00
194	291	1.00
194	214	1.00
195	246	1.00
195	267	1.00
198	250	1.00
198	252	1.00
199	223	1.00
199	280	1.00
199	221	1.00
200	259	1.00
201	260	1.00
201	294	1.00
202	228	1.00
202	274	1.00
204	224	1.00
205	291	1.00
206	290	1.00
206	257	1.00
207	240	1.00
209	258	1.00
209	270	1.00
213	222	1.00
213	282	1.00
215	228	1.00
217	269	1.00
218	235	1.00
219	231	1.00
220	253	1.00
222	258	1.00
223	233	1.00
224	228	1.00
225	293	1.00
225	281	1.00
227	230	1.00
233	280	1.00
233	276	1.00
234	241	1.00
235	285	1.00
236	244	1.00
237	277	1.00
238	255	1.00
239	247	1.00
240	278	1.00
242	253	1.00
243	271	1.00
244	262	1.00
245	271	1.00
246	256	1.00
248	254	1.00
248	284	1.00
248	251	1.00
249	278	1.00
250	255	1.00
251	275	1.00
261	263	1.00
266	272	1.00
266	284	1.00
268	286	1.00
272	285	1.00
279	285	1.00
